% start	end	CellId	IMSI	RNTI	LCID	nTxPDUs	TxBytes	nRxPDUs	RxBytes	delay	stdDev	min	max	PduSize	stdDev	min	max
0	1	1	1	1	3	2928	2044458	3052	2074559	0.000925013	0.000489446	0	0.003	679.738	1780.25	9	9422	
0	1	2	2	2	3	2069	2300400	2634	2549962	0.000876083	0.000638262	0	0.003	968.095	1893.98	8	9422	
0	1	3	3	1	3	2350	2322897	2422	2346177	0.000960839	0.000545861	0	0.003	968.694	1947.36	49	9422	
0	1	1	4	7	3	208	1122290	183	1121270	0.00252002	0.000857354	0	0.003	6127.16	4213.51	13	9422	
0	1	1	5	3	3	217	1109436	143	1101912	0.00307213	0.000242385	0.00283214	0.00383214	7705.68	3088.18	105	9422	
0	1	1	6	2	3	215	1131474	167	1126598	0.00287898	0.000592499	0	0.00383214	6746.1	3896.42	105	9422	
0	1	7	7	1	3	1747	1734441	1821	1737738	0.00101873	0.000632027	0	0.00383214	954.277	2267	5	9422	
1	2	2	1	1	3	5938	4973392	6286	5078393	0.000922343	0.00050855	0	0.003	807.889	1827	9	9422	
1	2	2	2	2	3	4518	4922587	5287	5196986	0.000910145	0.000609901	0	0.00383214	982.974	2004.36	7	9422	
1	2	3	3	1	3	4353	4551884	4797	4693151	0.000928213	0.000606725	0	0.003	978.351	2032.74	5	9422	
1	2	1	4	7	3	454	2473854	327	2468647	0.0027312	0.000683542	0	0.003	7549.38	3571.92	13	9422	
1	2	1	5	1	3	2471	3584315	2643	3607625	0.00101059	0.000774565	0	0.00383214	1364.97	2606.52	23	9422	
1	2	1	6	2	3	460	2420896	313	2405625	0.0029434	0.000445044	0	0.00383214	7685.7	3236.78	105	9422	
1	2	1	7	5	3	2863	4151150	3059	4174948	0.00102374	0.000692387	0	0.00383214	1364.81	2569.05	5	9422	
2	3	2	1	1	3	8496	7026390	8985	7169532	0.000935797	0.000523794	0	0.00308214	797.945	1869.45	9	9422	
2	3	2	2	2	3	6640	7595723	7631	8009584	0.000935483	0.000609033	0	0.00383214	1049.61	2035.77	7	9422	
2	3	3	3	6	3	6788	6916471	8050	7259439	0.000858165	0.000624138	0	0.003	901.794	1938.85	5	9422	
2	3	1	4	7	3	686	3800522	486	3791342	0.00275874	0.000666679	0	0.003	7801.12	3371.24	4	9422	
2	3	6	5	1	3	4798	5665386	5345	5757132	0.000946656	0.000706253	0	0.00383214	1077.11	2304.77	5	9422	
2	3	1	6	2	3	960	4003029	759	3980660	0.00217291	0.00108471	0	0.00383214	5244.61	4216.77	105	9422	
2	3	1	7	5	3	3051	5442783	3237	5474766	0.00110441	0.000798419	0	0.00383214	1691.31	2967.31	5	9422	
3	4	2	1	1	3	10813	8730404	11466	8901777	0.000936786	0.000534488	0	0.00308214	776.363	1920.99	8	9422	
3	4	1	2	1	3	8766	9482727	9853	9932026	0.000949275	0.000607022	0	0.00383214	1008.02	2059.84	7	9422	
3	4	3	3	1	3	9062	9047311	10956	9474896	0.000841143	0.000630359	0	0.003	864.813	1945.61	5	9422	
3	4	1	4	7	3	930	5146675	630	5132276	0.00281299	0.000594268	0	0.003	8146.47	3053.19	4	9422	
3	4	1	5	3	3	6809	7468336	7425	7569774	0.000973714	0.000691564	0	0.00383214	1019.5	2288.94	5	9422	
3	4	1	6	2	3	1103	5350375	904	5318899	0.00229562	0.00104683	0	0.00383214	5883.74	4165.2	105	9422	
3	4	7	7	1	3	4334	8406431	5026	8547841	0.00100298	0.000807095	0	0.00383214	1700.72	2792.69	5	9422	
4	5	2	1	1	3	13704	10843187	14860	11133014	0.000919507	0.000545681	0	0.00308214	749.193	1885.46	5	9422	
4	5	2	2	2	3	10530	11107525	11709	11559057	0.000958406	0.000612511	0	0.00383214	987.194	2129.03	7	9422	
4	5	3	3	1	3	11267	12848942	13770	13466681	0.000833849	0.00063621	0	0.003	977.972	1974.36	5	9422	
4	5	1	4	7	3	1168	6491073	780	6472946	0.00284395	0.000540241	0	0.003	8298.65	2897.09	4	9422	
4	5	6	5	1	3	7994	9024621	8631	9136687	0.00100241	0.000703834	0	0.00383214	1058.59	2386.85	5	9422	
4	5	1	6	2	3	1246	6650900	1344	6799166	0.00186327	0.00132966	0	0.00383214	5058.9	4283.53	23	9422	
4	5	1	7	5	3	5430	10854808	6452	11042124	0.000982877	0.000811606	0	0.00383214	1711.43	2763.38	5	9422	
5	6	2	1	1	3	16661	13300443	18424	13822003	0.000905328	0.000550669	0	0.00308214	750.217	1858.16	5	9422	
5	6	2	2	2	3	13906	13994465	15401	14544936	0.000945248	0.000589969	0	0.00383214	944.415	2043.71	6	9422	
5	6	1	3	6	3	12505	14826416	15115	15464178	0.000855001	0.000652265	0	0.00383214	1023.1	2062.25	5	9422	
5	6	1	4	7	3	1410	7778283	1011	7753216	0.00270039	0.000757275	0	0.003	7668.86	3508.55	4	9422	
5	6	6	5	3	3	10539	11186272	11419	11338716	0.00098246	0.000676629	0	0.00383214	992.969	2298.22	5	9422	
5	6	1	6	2	3	1513	7956163	1908	8201376	0.00164412	0.00137133	0	0.00383214	4298.42	4325.93	15	9422	
5	6	1	7	1	3	7028	13190694	8202	13397206	0.00098183	0.000785951	0	0.00383214	1633.41	2715.08	5	9422	
6	7	2	1	1	3	20069	16426081	22042	17030655	0.000908581	0.00054152	0	0.00308214	772.646	1842.37	5	9422	
6	7	2	2	2	3	16510	17193326	18971	18333096	0.000911906	0.000600186	0	0.00383214	966.375	1988.02	6	9422	
6	7	1	3	6	3	12929	16869186	15804	17535485	0.000859491	0.000678678	0	0.00383214	1109.56	2176.85	5	9422	
6	7	1	4	7	3	1560	9108713	1177	9081130	0.00268987	0.000790195	0	0.003	7715.49	3472.8	4	9422	
6	7	1	5	1	3	11858	13133958	12866	13306760	0.000989959	0.000686188	0	0.00383214	1034.26	2338.24	5	9422	
6	7	1	6	2	3	1757	9285059	2066	9521242	0.00174417	0.0013652	0	0.00383214	4608.54	4364.18	15	9422	
6	7	1	7	5	3	8061	14667500	9259	14876190	0.00100544	0.000788252	0	0.00383214	1606.67	2763.61	5	9422	
7	8	1	1	4	3	22075	18884884	24195	19527578	0.000914716	0.000547738	0	0.00308214	807.091	1885.4	5	9422	
7	8	2	2	2	3	18818	20213098	22382	21726791	0.000881789	0.000614072	0	0.00383214	970.726	1962.78	6	9422	
7	8	3	3	1	3	13992	19071843	17122	19937970	0.000864636	0.000690246	0	0.00383214	1164.47	2228.03	5	9422	
7	8	1	4	7	3	1702	10433981	1323	10415913	0.00271729	0.000762574	0	0.003	7872.95	3339.29	4	9422	
7	8	6	5	1	3	12433	14821694	13429	14994690	0.00100679	0.00070808	0	0.00383214	1116.59	2446.17	5	9422	
7	8	1	6	2	3	2002	10597507	2209	10822980	0.00182547	0.00135595	0	0.00383214	4899.49	4368.51	15	9422	
7	8	7	7	1	3	10134	17482234	11834	17930432	0.000967932	0.00076605	0	0.00383214	1515.16	2622.07	5	9422	
8	9	2	1	1	3	24425	20689604	26744	21341503	0.000917082	0.000550528	0	0.00308214	797.992	1909.33	5	9422	
8	9	2	2	2	3	21775	23375954	25799	25087953	0.000879547	0.000607326	0	0.00383214	972.439	1945.75	6	9422	
8	9	3	3	6	3	16124	22579215	19701	23779501	0.000864704	0.000686224	0	0.00383214	1207.02	2197.26	5	9422	
8	9	1	4	7	3	1845	11770896	1466	11752828	0.00274487	0.000729244	0	0.003	8016.94	3205.92	4	9422	
8	9	1	5	3	3	12669	16180689	13606	16347490	0.00102722	0.000732361	0	0.00383214	1201.49	2567.51	5	9422	
8	9	1	6	2	3	2250	11880734	2352	12095182	0.00189688	0.00134372	0	0.00383214	5142.51	4348.95	15	9422	
8	9	7	7	1	3	12164	19367080	14098	19844277	0.000961143	0.000746486	0	0.00383214	1407.6	2573.91	5	9422	
9	10	1	1	4	3	26046	22956005	29399	23841659	0.00089648	0.000572378	0	0.00308214	810.968	1925.42	5	9422	
9	10	2	2	2	3	24765	25987254	29011	27769429	0.000889471	0.000601176	0	0.00383214	957.203	1937.35	6	9422	
9	10	3	3	1	3	18302	25997859	22536	27774152	0.000853282	0.000681839	0	0.00383214	1232.43	2156.25	5	9422	
9	10	1	4	7	3	1988	13118242	1612	13100240	0.00276239	0.000709298	0	0.003	8126.7	3103.01	4	9422	
9	10	1	5	3	3	13117	17568802	14325	17776324	0.0010246	0.000754932	0	0.00383214	1240.93	2636.77	5	9422	
9	10	1	6	2	3	2492	13197215	2500	13402039	0.00195945	0.00132847	0	0.00383214	5360.82	4329.32	15	9422	
9	10	7	7	1	3	15239	23512522	17835	24538703	0.000926611	0.000716358	0	0.00383214	1375.87	2412.19	5	9422	
10	11	2	1	4	3	26337	24296251	30273	25239765	0.000889416	0.0005958	0	0.00308214	833.738	1989.42	5	9422	
10	11	1	2	1	3	26639	28640909	31241	30604696	0.000890777	0.000606858	0	0.00383214	979.632	1956.41	6	9422	
10	11	3	3	1	3	20953	28209758	25957	30181205	0.000844125	0.000675656	0	0.00383214	1162.74	2114.95	5	9422	
10	11	1	4	7	3	2131	14465588	1785	14448767	0.002735	0.000765775	0	0.003	8094.55	3150.92	4	9422	
10	11	1	5	3	3	13490	18891627	14677	19097307	0.001049	0.000780202	0	0.00383214	1301.17	2721.52	5	9422	
10	11	1	6	2	3	2757	14585516	2847	14789234	0.00190741	0.0013514	0	0.00383214	5194.67	4375.85	15	9422	
10	11	7	7	5	3	16800	26105244	21343	28366881	0.000851423	0.000728723	0	0.00383214	1329.1	2312.83	5	9422	
11	12	2	1	1	3	28686	27501794	33297	28584480	0.000879357	0.000598776	0	0.00308214	858.47	1981.56	5	9422	
11	12	2	2	2	3	28599	31123364	34264	33376417	0.000872389	0.000616729	0	0.00383214	974.096	1950.62	6	9422	
11	12	3	3	1	3	23346	31234430	28427	33249780	0.000855507	0.000667777	0	0.00383214	1169.65	2111.65	5	9422	
11	12	1	4	7	3	2296	15773941	2649	15785291	0.00201294	0.00137035	0	0.003	5958.96	4459.15	4	9422	
11	12	6	5	1	3	13893	20251019	15064	20463870	0.00106654	0.000797027	0	0.00383214	1358.46	2801.34	5	9422	
11	12	1	6	2	3	2900	15909896	3005	16115189	0.00194988	0.00134291	0	0.00383214	5362.79	4364.81	15	9422	
11	12	1	7	5	3	18979	29314158	24347	31993587	0.000836182	0.000720433	0	0.00383214	1314.07	2262.78	5	9422	
12	13	2	1	1	3	30629	29806188	36161	31087565	0.000866562	0.00060731	0	0.00383214	859.699	1978.78	5	9422	
12	13	2	2	2	3	31507	33173770	37431	35467103	0.000874239	0.000609958	0	0.00383214	947.533	1946.44	6	9422	
12	13	1	3	1	3	24966	33373740	30113	35416759	0.000866557	0.000669892	0	0.00383214	1176.13	2133.62	5	9422	
12	13	1	4	7	3	2439	17054173	2791	17056101	0.00206316	0.00135254	0	0.003	6111.11	4399.22	4	9422	
12	13	1	5	3	3	14305	21607831	15503	21823788	0.00107992	0.000812553	0	0.00383214	1407.71	2866.72	5	9422	
12	13	1	6	2	3	3042	17192566	3148	17407281	0.00199758	0.00133015	0	0.00383214	5529.63	4338.34	15	9422	
12	13	7	7	1	3	20631	31969430	27833	35501407	0.000793865	0.000723977	0	0.00383214	1275.51	2215.08	5	9422	
13	14	2	1	1	3	31511	31205753	37131	32492407	0.000874224	0.000616652	0	0.00408214	875.075	2024.02	5	9422	
13	14	2	2	2	3	33789	35512903	39879	37842381	0.000881214	0.000610958	0	0.00383214	948.93	1955.47	6	9422	
13	14	3	3	1	3	26927	36385623	32130	38447555	0.000876961	0.000668176	0	0.00383214	1196.62	2146.45	5	9422	
13	14	2	4	3	3	2670	18369303	3310	18384161	0.00189641	0.00140107	0	0.00383214	5554.13	4509.55	4	9422	
13	14	1	5	3	3	14448	22915404	15661	23132672	0.00109642	0.000829512	0	0.00383214	1477.09	2947.02	5	9422	
13	14	1	6	2	3	3185	18478142	3291	18692857	0.00204114	0.00131688	0	0.00383214	5679.99	4309.09	15	9422	
13	14	1	7	5	3	22125	34503079	30772	38470968	0.00077189	0.000727391	0	0.00408214	1250.19	2188.98	5	9422	
14	15	1	1	1	3	34416	34059784	40276	35448776	0.000877964	0.000610284	0	0.00408214	880.146	2008.34	5	9422	
14	15	2	2	2	3	36062	38439680	42924	40905953	0.000872682	0.000614277	0	0.00383214	952.986	1946.96	5	9422	
14	15	1	3	6	3	28340	39155458	33667	41347598	0.000887435	0.000671645	0	0.00383214	1228.13	2167.86	5	9422	
14	15	1	4	7	3	2912	19667111	3549	19691232	0.00192712	0.0013781	0	0.00383214	5548.39	4509.96	4	9422	
14	15	1	5	3	3	14591	24229064	15804	24446332	0.00111365	0.000845197	0	0.00383214	1546.84	3024.18	5	9422	
14	15	1	6	2	3	3328	19780963	3449	19997160	0.00207202	0.00130767	0	0.00383214	5797.96	4284.67	15	9422	
14	15	1	7	5	3	23033	36021034	31972	40019451	0.000778333	0.000734444	0	0.00408214	1251.7	2223.59	5	9422	
15	16	1	1	4	3	36584	36636292	42650	38048560	0.000881497	0.000609884	0	0.00408214	892.112	2014.4	5	9422	
15	16	2	2	2	3	38348	41827155	45531	44440666	0.00087411	0.000614248	0	0.00383214	976.053	1949.74	5	9422	
15	16	3	3	1	3	28553	40493804	33873	42693308	0.000896591	0.000686385	0	0.00383214	1260.39	2224.09	5	9422	
15	16	1	4	7	3	3152	21019335	3710	21039067	0.0019668	0.00136534	0	0.00383214	5670.91	4490.91	4	9422	
15	16	1	5	3	3	14734	25557106	15947	25774374	0.00113056	0.000859986	0	0.00383214	1616.25	3098.18	5	9422	
15	16	1	6	2	3	3471	21115252	3615	21333737	0.00209555	0.00130089	0	0.00383214	5901.45	4267.62	15	9422	
15	16	7	7	1	3	25203	40495743	34995	45354399	0.00077435	0.000728595	0	0.00408214	1296.03	2202.15	5	9422	
16	17	2	1	1	3	38956	38600087	45219	40040490	0.000886167	0.000609032	0	0.00408214	885.479	2018.7	5	9422	
16	17	2	2	2	3	40659	44450441	48065	47169418	0.000880301	0.000613056	0	0.00383214	981.367	1954.09	5	9422	
16	17	3	3	1	3	30999	43471201	36478	45716987	0.000899473	0.000679228	0	0.00383214	1253.28	2213.4	5	9422	
16	17	1	4	7	3	3679	22460391	4210	22479114	0.00190849	0.00133968	0	0.00383214	5339.46	4537.1	4	9422	
16	17	1	5	3	3	14877	26884618	16089	27092464	0.00114706	0.000873855	0	0.00383214	1683.91	3167.05	5	9422	
16	17	1	6	2	3	3751	22633088	3987	22870081	0.00203642	0.00131003	0	0.00383214	5736.16	4292.69	15	9422	
16	17	1	7	5	3	26174	42281916	36459	47839087	0.00077716	0.000737068	0	0.00408214	1312.13	2220.51	5	9422	
17	18	1	1	4	3	40339	40146904	46745	41609494	0.00089196	0.000614276	0	0.00408214	890.138	2044.72	5	9422	
17	18	1	2	2	3	42487	47080289	50028	49893086	0.000886658	0.000614632	0	0.00383214	997.303	1965.18	5	9422	
17	18	3	3	1	3	33443	46114838	40166	48741282	0.000876829	0.000678633	0	0.00383214	1213.5	2178.42	5	9422	
17	18	1	4	7	3	3851	23771876	4379	23790266	0.00193516	0.00133469	0	0.00383214	5432.81	4523.06	4	9422	
17	18	1	5	3	3	15020	28204376	16232	28412222	0.00116339	0.000887061	0	0.00383214	1750.38	3231.66	5	9422	
17	18	1	6	2	3	3894	23963496	4160	24194322	0.00205414	0.00130655	0	0.00383214	5815.94	4281.69	15	9422	
17	18	1	7	5	3	27295	43835766	37719	49412255	0.00078599	0.000741758	0	0.00408214	1310.01	2245.47	5	9422	
18	19	2	1	1	3	42172	42909231	49544	44916966	0.000882477	0.000620806	0	0.00408214	906.608	2041.13	5	9422	
18	19	2	2	2	3	45019	49713664	52648	52549620	0.000889182	0.000611117	0	0.00383214	998.131	1964.56	5	9422	
18	19	3	3	1	3	36622	48392407	43846	51132699	0.000872445	0.000668411	0	0.00383214	1166.19	2149.42	5	9422	
18	19	1	4	7	3	3994	25059429	4590	25079982	0.00193967	0.00133802	0	0.00383214	5464.05	4514.97	4	9422	
18	19	1	5	3	3	15162	29496440	16375	29713708	0.00117942	0.000899559	0	0.00383214	1814.58	3291.28	5	9422	
18	19	1	6	2	3	4037	25242080	4305	25473116	0.0020846	0.00129627	0	0.00383214	5917.1	4252.62	15	9422	
18	19	7	7	1	3	27531	45165483	37953	50741384	0.000794728	0.000753816	0	0.00408214	1336.95	2291.77	5	9422	
19	20	2	1	1	3	44975	45344924	52963	47453121	0.000880681	0.000620443	0	0.00408214	895.967	2028.68	5	9422	
19	20	2	2	2	3	47297	52348244	55130	55301068	0.000894701	0.000610456	0	0.00383214	1003.1	1966.62	5	9422	
19	20	1	3	1	3	39396	52319412	46946	55139808	0.000872014	0.000661732	0	0.00383214	1174.54	2131.38	5	9422	
19	20	1	4	7	3	4137	26384530	4818	26398350	0.0019363	0.00134382	0	0.00383214	5479.11	4514.5	4	9422	
19	20	1	5	1	3	15666	31210740	16827	31418420	0.00118941	0.000907083	0	0.00383214	1867.14	3316.85	5	9422	
19	20	1	6	2	3	4179	26506810	4467	26749219	0.00210504	0.00129007	0	0.00383214	5988.18	4230.75	13	9422	
19	20	7	7	1	3	28639	46691107	39200	52280698	0.000802082	0.000756572	0	0.00408214	1333.69	2312.42	5	9422	
20	21	2	1	1	3	46772	46993779	54926	49115557	0.000884392	0.000622233	0	0.00408214	894.213	2039.82	4	9422	
20	21	2	2	2	3	49276	54956804	57298	58035047	0.000899515	0.000611553	0	0.00383214	1012.86	1975.91	5	9422	
20	21	3	3	1	3	41376	54948754	48975	57793289	0.000877752	0.000660926	0	0.00383214	1180.06	2135.09	5	9422	
20	21	1	4	7	3	4280	27699860	4970	27716706	0.00196339	0.00133762	0	0.00383214	5576.8	4497.29	4	9422	
20	21	1	5	3	3	15870	32487215	17198	32722987	0.00118891	0.000922707	0	0.00383214	1902.72	3349.93	5	9422	
20	21	1	6	2	3	4322	27765803	4667	28013943	0.00210675	0.00129291	0	0.00383214	6002.56	4223.9	13	9422	
20	21	1	7	1	3	31115	52896348	42847	60245184	0.000791606	0.000747866	0	0.00408214	1406.05	2271.08	5	9422	
21	22	1	1	4	3	49296	49420393	57784	51578795	0.000883567	0.00062024	0	0.00408214	892.614	2034.32	4	9422	
21	22	2	2	2	3	52015	57611910	60243	60774521	0.000901228	0.000607974	0	0.00383214	1008.82	1970.85	5	9422	
21	22	3	3	1	3	43509	57581665	51141	60437883	0.000882662	0.000658516	0	0.00383214	1181.79	2134.84	5	9422	
21	22	2	4	3	3	5261	29116610	7691	29374105	0.00142025	0.00137285	0	0.00383214	3819.28	4489.05	4	9422	
21	22	1	5	3	3	16013	33820900	17359	34058562	0.0012026	0.000933698	0	0.00383214	1962.01	3402.03	5	9422	
21	22	8	6	1	3	4465	29074559	5208	29400313	0.00197028	0.00135664	0	0.00383214	5645.22	4327.66	13	9422	
21	22	7	7	1	3	32378	55806299	45033	63818655	0.000784345	0.000749248	0	0.00408214	1417.15	2268.35	5	9422	
22	23	2	1	1	3	50931	51008900	59611	53178781	0.000886316	0.000621914	0	0.00408214	892.097	2046.46	4	9422	
22	23	2	2	2	3	54304	60234286	62717	63469636	0.000903453	0.000606802	0	0.00383214	1012	1972.89	5	9422	
22	23	1	3	6	3	45607	59875553	53290	62781982	0.000888438	0.000656584	0	0.00383214	1178.12	2137.28	5	9422	
22	23	2	4	3	3	8049	30899659	10715	31183116	0.00128719	0.00121884	0	0.00383214	2910.23	4194.8	4	9422	
22	23	1	5	3	3	16156	35144082	17502	35381744	0.00121729	0.000943848	0	0.00383214	2021.58	3451.48	5	9422	
22	23	8	6	1	3	4767	30419557	6117	30864558	0.00177688	0.00140394	0	0.00383214	5045.7	4429.23	13	9422	
22	23	7	7	5	3	34429	59424148	48505	68549963	0.000771465	0.000744944	0	0.00408214	1413.26	2233.27	5	9422	
23	24	2	1	1	3	52465	52552160	61359	54738936	0.000888722	0.000624577	0	0.00408214	892.109	2060.67	4	9422	
23	24	2	2	2	3	56942	62826423	65474	66088937	0.000904984	0.000604453	0	0.00383214	1009.39	1974.73	5	9422	
23	24	1	3	6	3	46800	62349210	54492	65249195	0.000894098	0.000659986	0	0.00383214	1197.41	2157.59	5	9422	
23	24	1	4	7	3	8992	32380888	11751	32672602	0.00126987	0.00119077	0	0.00383214	2780.41	4132.12	4	9422	
23	24	1	5	3	3	16299	36463673	17981	36820677	0.00120855	0.000959121	0	0.00383214	2047.75	3472.57	5	9422	
23	24	1	6	2	3	4910	31683217	6343	32136540	0.00178121	0.00140565	0	0.00383214	5066.46	4427.32	12	9422	
23	24	7	7	1	3	35802	62488799	51838	73515764	0.000750667	0.000745449	0	0.00408214	1418.18	2207.73	5	9422	
24	25	2	1	1	3	54060	54001900	63145	56210973	0.000891594	0.00062613	0	0.00408214	890.189	2072.7	4	9422	
24	25	1	2	2	3	60007	65409756	68735	68725485	0.00090665	0.000601121	0	0.00383214	999.862	1967.27	5	9422	
24	25	3	3	1	3	48950	65451765	56816	68389944	0.000896536	0.000658216	0	0.00383214	1203.71	2157.93	5	9422	
24	25	1	4	7	3	9210	33701276	11978	33993082	0.00128984	0.00119727	0	0.00408214	2837.96	4159.12	4	9422	
24	25	1	5	3	3	16824	37904872	18714	38283679	0.00120297	0.000963278	0	0.00383214	2045.72	3480	5	9422	
24	25	1	6	2	3	5053	32986022	6778	33535775	0.00172974	0.00141939	0	0.00383214	4947.74	4432.61	12	9422	
24	25	1	7	5	3	36079	63821283	52453	74907533	0.00075251	0.000753535	0	0.00408214	1428.09	2235.21	5	9422	
25	26	1	1	4	3	55626	55995533	65916	58640973	0.000880305	0.000632272	0	0.00408214	889.632	2070.71	4	9422	
25	26	2	2	2	3	63107	67468228	72279	70843115	0.000904764	0.000598769	0	0.00383214	980.134	1960.48	5	9422	
25	26	3	3	1	3	50145	68091127	58122	71168911	0.00090195	0.000660845	0	0.00383214	1224.47	2171.75	5	9422	
25	26	1	4	7	3	9742	35039121	12593	35334121	0.00129032	0.00118883	0	0.00408214	2805.85	4147.72	4	9422	
25	26	1	5	3	3	16966	39242796	18863	39631655	0.00121621	0.000972287	0	0.00383214	2101.03	3524.96	5	9422	
25	26	1	6	2	3	5196	34296271	6921	34846024	0.00175599	0.00141623	0	0.00383214	5034.83	4428.97	12	9422	
25	26	7	7	1	3	36716	65230434	53164	76326049	0.000759519	0.000759367	0	0.00408214	1435.67	2261.09	5	9422	
26	27	1	1	4	3	56022	57568155	66416	60280603	0.000883386	0.00063861	0	0.00408214	907.622	2099.95	4	9422	
26	27	1	2	1	3	66394	70285287	75665	73683565	0.000906782	0.000594875	0	0.00383214	973.813	1951.62	5	9422	
26	27	1	3	1	3	52961	70728193	61044	73835464	0.000903202	0.000654898	0	0.00383214	1209.54	2161.13	5	9422	
26	27	1	4	7	3	10056	36304509	12909	36595684	0.00130816	0.00118946	0	0.00408214	2834.9	4158.88	4	9422	
26	27	6	5	1	3	17289	40639704	19564	41117962	0.00120264	0.00098233	0	0.00383214	2101.72	3531.29	5	9422	
26	27	1	6	2	3	5338	35550927	7064	36110102	0.00178117	0.00141272	0	0.00383214	5111.85	4420.21	12	9422	
26	27	7	7	1	3	38198	66810306	54709	77912048	0.000767777	0.000758835	0	0.00408214	1424.12	2272.03	5	9422	
27	28	2	1	1	3	57760	60905876	68271	63654532	0.000886236	0.000639666	0	0.00408214	932.38	2109.05	4	9422	
27	28	2	2	2	3	68567	73081284	78011	76534684	0.000908168	0.000595203	0	0.00383214	981.076	1959.32	5	9422	
27	28	3	3	1	3	55428	72849972	63597	75962633	0.000905169	0.000651098	0	0.00383214	1194.44	2159.21	5	9422	
27	28	1	4	7	3	10285	37614630	13118	37899767	0.00132745	0.00119533	0	0.00408214	2889.14	4182.43	4	9422	
27	28	6	5	1	3	18546	42286389	21383	42848745	0.00116774	0.000974561	0	0.00383214	2003.87	3468.97	5	9422	
27	28	1	6	2	3	5481	36838386	7207	37397561	0.00180536	0.00140893	0	0.00383214	5189.06	4412.74	12	9422	
27	28	1	7	5	3	38556	68129953	55078	79232753	0.000775369	0.000767045	0	0.00408214	1438.56	2299.45	5	9422	
28	29	1	1	1	3	58254	62843616	68807	65603983	0.000889885	0.000645099	0	0.00408214	953.449	2135.7	4	9422	
28	29	2	2	2	3	69968	76029349	79445	79490815	0.000910732	0.000597921	0	0.00383214	1000.58	1977.48	5	9422	
28	29	3	3	1	3	58741	75112431	67037	78244023	0.000906175	0.000643924	0	0.00383214	1167.18	2141.61	5	9422	
28	29	1	4	7	3	10524	38942305	13291	39231335	0.00134575	0.00120072	0	0.00408214	2951.72	4210.02	4	9422	
28	29	1	5	3	3	19150	43948023	21967	44508280	0.00117761	0.000977211	0	0.00383214	2026.14	3477.03	5	9422	
28	29	1	6	2	3	5624	38185732	7350	38744907	0.0018286	0.00140488	0	0.00383214	5271.42	4408.55	12	9422	
28	29	7	7	5	3	40223	71507590	57192	82848260	0.000779368	0.000766614	0	0.00408214	1448.6	2297.33	5	9422	
29	30	2	1	1	3	60672	65655613	72060	68548042	0.000884994	0.000646192	0	0.00408214	951.263	2125.01	4	9422	
29	30	2	2	2	3	72260	78549970	81808	82059309	0.000912236	0.000597013	0	0.00383214	1003.07	1983.04	5	9422	
29	30	3	3	1	3	61489	77179294	70178	80402168	0.000904178	0.000641158	0	0.00383214	1145.69	2132.26	5	9422	
29	30	1	4	7	3	10751	40251082	13489	40538500	0.00136348	0.00120529	0	0.00408214	3005.3	4231.8	4	9422	
29	30	1	5	1	3	19394	45242585	22119	45793510	0.00118999	0.000985631	0	0.00383214	2070.32	3510.75	5	9422	
29	30	1	6	2	3	5767	39533078	7493	40092253	0.00185095	0.00140061	0	0.00383214	5350.63	4403.05	12	9422	
29	30	7	7	1	3	42168	74536057	60861	86931006	0.000764892	0.000762724	0	0.00408214	1428.35	2267.76	5	9422	
30	31	2	1	1	3	62755	67573116	74347	70482361	0.000886044	0.000644931	0	0.00408214	948.019	2126.57	4	9422	
30	31	2	2	2	3	75775	80595372	85432	84118142	0.000912836	0.000592314	0	0.00383214	984.621	1977.46	5	9422	
30	31	3	3	1	3	64425	79765958	73418	83048506	0.00090366	0.000637575	0	0.00383214	1131.17	2120.03	5	9422	
30	31	1	4	7	3	10991	41602368	13661	41886798	0.00138143	0.00121011	0	0.00408214	3066.16	4257.79	4	9422	
30	31	1	5	3	3	19560	46565953	22274	47108202	0.00120166	0.000993237	0	0.00383214	2114.94	3545.51	5	9422	
30	31	1	6	2	3	5910	40880423	7649	41441659	0.00186929	0.00139709	0	0.00383214	5417.92	4398.03	12	9422	
30	31	7	7	1	3	44795	79092095	63623	91531772	0.000772312	0.000755619	0	0.00408214	1438.66	2258.74	5	9422	
31	32	1	1	4	3	63542	69066066	75181	71991350	0.000889808	0.000649166	0	0.00408214	957.574	2147.11	4	9422	
31	32	1	2	1	3	76358	82033882	86035	85558604	0.000916696	0.000598253	0	0.00383214	994.463	2001.13	5	9422	
31	32	3	3	1	3	67739	83045112	76921	86381547	0.000904256	0.000632373	0	0.00383214	1122.99	2106.09	5	9422	
31	32	1	4	7	3	11371	42934176	14052	43218643	0.001391	0.00120898	0	0.00408214	3075.62	4261.68	4	9422	
31	32	1	5	3	3	19703	47892452	22417	48433151	0.00121313	0.00100036	0	0.00383214	2160.55	3580.01	5	9422	
31	32	1	6	2	3	6053	42227769	7815	42781999	0.00188409	0.00139432	0	0.00383214	5474.34	4393.95	12	9422	
31	32	7	7	1	3	47070	82124057	66695	94938809	0.000771328	0.000751214	0	0.00408214	1423.48	2245.18	5	9422	
32	33	2	1	1	3	66697	71410502	78364	74342888	0.000892949	0.000643926	0	0.00408214	948.687	2137.72	4	9422	
32	33	1	2	1	3	76606	83387036	86290	86902626	0.00092064	0.000604272	0	0.00383214	1007.1	2027.45	5	9422	
32	33	1	3	6	3	70078	86314472	79450	89711652	0.000905516	0.000631182	0	0.00383214	1129.16	2105.5	5	9422	
32	33	1	4	7	3	11515	44281590	14195	44565989	0.0014072	0.00121356	0	0.00408214	3139.56	4287.27	4	9422	
32	33	1	5	3	3	19845	49216172	22560	49766293	0.00122446	0.00100722	0	0.00383214	2205.95	3614.12	5	9422	
32	33	1	6	2	3	6196	43575115	7968	44130371	0.00190176	0.00139043	0	0.00383214	5538.45	4387.23	12	9422	
32	33	7	7	1	3	49085	84923153	68836	97766236	0.000777957	0.000748486	0	0.00408214	1420.28	2248.3	5	9422	
33	34	1	1	4	3	70243	74322053	82045	77287027	0.000893359	0.000637427	0	0.00408214	942.008	2122.68	4	9422	
33	34	2	2	1	3	78230	84904701	88356	88463761	0.000918961	0.000606837	0	0.00383214	1001.22	2036.31	5	9422	
33	34	1	3	1	3	71290	89160060	80739	92601399	0.000908917	0.000633936	0	0.00383214	1146.92	2120.47	5	9422	
33	34	1	4	7	3	11658	45628936	14339	45903968	0.00142278	0.00121783	0	0.00408214	3201.34	4310.97	4	9422	
33	34	1	5	3	3	19988	50554823	22703	51104944	0.00123564	0.00101382	0	0.00383214	2251.02	3647.05	5	9422	
33	34	1	6	2	3	6338	44879368	8113	45444232	0.00192065	0.00138584	0	0.00383214	5601.41	4376.22	12	9422	
33	34	7	7	1	3	51401	87069049	71836	100077578	0.000778473	0.000744599	0	0.00408214	1393.14	2240.07	5	9422	
34	35	1	1	4	3	72535	75877787	84496	78855136	0.000895006	0.000635812	0	0.00408214	933.241	2123.37	4	9422	
34	35	2	2	2	3	80883	88176280	91611	91937876	0.000914915	0.000606995	0	0.00383214	1003.57	2031.14	5	9422	
34	35	3	3	1	3	73765	91738029	83278	95207540	0.000911709	0.000632108	0	0.00383214	1143.25	2118.46	5	9422	
34	35	1	4	7	3	11801	46976281	14516	47252704	0.00143499	0.00122234	0	0.00408214	3255.22	4331.23	4	9422	
34	35	1	5	3	3	20131	51855508	22846	52405629	0.00124669	0.00102018	0	0.00383214	2293.86	3676.16	5	9422	
34	35	1	6	2	3	6481	46203816	8256	46768680	0.00193934	0.00138098	0	0.00383214	5664.81	4364.99	12	9422	
34	35	1	7	1	3	52671	88667888	73129	101678315	0.000784827	0.000745928	0	0.00408214	1390.4	2253.24	5	9422	
35	36	1	1	4	3	72778	77204752	84694	80179387	0.000899477	0.000642201	0	0.00408214	946.695	2148.35	4	9422	
35	36	2	2	2	3	82075	90450328	92802	94211045	0.00091839	0.000610043	0	0.00383214	1015.18	2047.63	5	9422	
35	36	3	3	1	3	76773	94056610	86874	97665774	0.000907493	0.000629934	0	0.00383214	1124.22	2105.99	5	9422	
35	36	1	4	7	3	12355	48314893	15529	48632587	0.00139245	0.00121972	0	0.00408214	3131.73	4288.89	4	9422	
35	36	1	5	3	3	20274	53182435	22989	53732556	0.00125759	0.0010263	0	0.00383214	2337.32	3705.88	5	9422	
35	36	1	6	2	3	6624	47526527	8399	48091391	0.0019574	0.00137603	0	0.00383214	5725.85	4352.95	12	9422	
35	36	1	7	5	3	53516	90159359	73993	103163576	0.00079151	0.000749974	0	0.00408214	1394.23	2269.95	5	9422	
36	37	1	1	4	3	72964	78511250	84927	81478280	0.000902518	0.000647716	0	0.00408214	959.392	2171.69	4	9422	
36	37	2	2	2	3	85512	95483195	96292	99260938	0.000919315	0.000605682	0	0.00383214	1030.83	2044.3	5	9422	
36	37	3	3	1	3	79166	96988198	89941	100731786	0.000903537	0.00063066	0	0.00383214	1119.98	2100.41	5	9422	
36	37	1	4	7	3	12586	49629539	15764	49947321	0.00140627	0.00122161	0	0.00408214	3168.44	4302.39	4	9422	
36	37	1	5	3	3	20417	54469182	23132	55019303	0.00126837	0.0010322	0	0.00383214	2378.49	3731.93	5	9422	
36	37	1	6	2	3	6767	48867913	8554	49433873	0.00197208	0.00137203	0	0.00383214	5779.04	4344.23	12	9422	
36	37	7	7	1	3	55412	93940383	76661	107291605	0.00079012	0.000748407	0	0.00408214	1399.56	2261.24	5	9422	
37	38	1	1	4	3	73258	79866164	85248	82834024	0.000905796	0.000652805	0	0.00408214	971.683	2195.5	4	9422	
37	38	2	2	2	3	88937	99171230	100023	103042041	0.000917945	0.00060239	0	0.00383214	1030.18	2031.1	5	9422	
37	38	3	3	1	3	81368	99208261	92248	102964546	0.000904905	0.000629481	0	0.00383214	1116.17	2101.46	5	9422	
37	38	1	4	7	3	14610	51426116	17836	51752451	0.00135556	0.00117482	0	0.00408214	2901.57	4184.55	4	9422	
37	38	1	5	3	3	20840	55901396	23634	56449358	0.00126714	0.00103573	0	0.00383214	2388.48	3738.71	5	9422	
37	38	1	6	1	3	7255	50219059	9378	50832430	0.00188023	0.00138073	0	0.00383214	5420.39	4420.15	5	9422	
37	38	7	7	1	3	58409	98171725	80232	111967150	0.000791138	0.000741285	0	0.00408214	1395.54	2245.1	5	9422	
38	39	2	1	1	3	75031	81621732	87614	84666055	0.000903089	0.000654144	0	0.00408214	966.353	2194.72	4	9422	
38	39	1	2	2	3	92021	102183815	103257	106110623	0.000918753	0.000600005	0	0.00383214	1027.64	2026.96	5	9422	
38	39	1	3	6	3	82999	101750348	93955	105508794	0.000906626	0.000629952	0	0.00383214	1122.97	2109.57	5	9422	
38	39	1	4	7	3	15164	52826430	18309	53149974	0.00135779	0.00117158	0	0.00408214	2902.94	4184.32	4	9422	
38	39	1	5	3	3	21085	57259452	23777	57796704	0.00127756	0.00104127	0	0.00383214	2430.78	3766.91	5	9422	
38	39	1	6	2	3	7560	51561771	9678	52166110	0.00188948	0.00137425	0	0.00383214	5390.17	4427.69	5	9422	
38	39	1	7	5	3	61377	101259032	83393	115160727	0.000795925	0.000734926	0	0.00408214	1380.94	2235.68	5	9422	
39	40	2	1	1	3	76882	83145055	89646	86202417	0.0009045	0.000653647	0	0.00408214	961.587	2198.3	4	9422	
39	40	2	2	2	3	94952	104614954	106764	108676055	0.000916398	0.000599682	0	0.00383214	1017.91	2020.85	5	9422	
39	40	3	3	1	3	83786	104308143	95010	108458952	0.000906971	0.000634002	0	0.00383214	1141.55	2123.19	5	9422	
39	40	1	4	7	3	15385	54177077	18452	54497320	0.00137051	0.00117589	0	0.00408214	2953.46	4207.09	4	9422	
39	40	6	5	1	3	21331	58592838	23920	59128592	0.00128786	0.00104661	0	0.00383214	2471.93	3793.25	5	9422	
39	40	8	6	1	3	7890	52881568	10018	53489113	0.0018909	0.00136662	0	0.00383214	5339.3	4436.84	5	9422	
39	40	7	7	1	3	63817	104873438	86193	118861334	0.000798699	0.000731289	0	0.00408214	1379.01	2230.96	5	9422	
40	41	2	1	1	3	79436	85218037	92334	88298524	0.000906075	0.000650989	0	0.00408214	956.295	2191.98	4	9422	
40	41	2	2	2	3	97568	107637879	109618	111837394	0.000917316	0.000598761	0	0.00383214	1020.25	2018.23	5	9422	
40	41	1	3	1	3	85697	107567347	97280	112031481	0.000907183	0.000635338	0	0.00383214	1151.64	2123.27	5	9422	
40	41	1	4	7	3	15528	55499752	18600	55810707	0.00138251	0.00118002	0	0.00408214	3000.58	4226.67	4	9422	
40	41	1	5	1	3	21577	59918267	24063	60443206	0.00129803	0.00105176	0	0.00383214	2511.87	3817.54	5	9422	
40	41	1	6	2	3	8129	54223217	10173	54828271	0.00190707	0.00136317	0	0.00383214	5389.59	4432.23	5	9422	
40	41	1	7	1	3	66278	107101218	88767	121106493	0.000803394	0.000727653	0	0.00408214	1364.32	2227.68	5	9422	
41	42	1	1	4	3	80162	87093533	93282	90205460	0.000907375	0.000654764	0	0.00408214	967.019	2205.4	4	9422	
41	42	2	2	2	3	99325	110252657	111481	114537498	0.00091913	0.00059967	0	0.00383214	1027.42	2024.71	5	9422	
41	42	3	3	1	3	87748	110213128	99429	114730398	0.000909987	0.000635606	0	0.00383214	1153.89	2124.51	5	9422	
41	42	1	4	7	3	15671	56833998	18743	57144953	0.00139485	0.0011839	0	0.00408214	3048.87	4246.6	4	9422	
41	42	6	5	1	3	23055	61641900	26377	62300032	0.00124556	0.00104249	0	0.00383214	2361.91	3735.92	5	9422	
41	42	1	6	2	3	8367	55539567	10338	56137202	0.001924	0.00136021	0	0.00383214	5430.18	4426.38	5	9422	
41	42	1	7	1	3	67105	109002720	89956	123057672	0.000804288	0.000730234	0	0.00408214	1367.98	2237.22	5	9422	
42	43	1	1	1	3	82607	89398033	95890	92526851	0.000907581	0.000652486	0	0.00408214	964.927	2202.74	4	9422	
42	43	2	2	2	3	101647	112851691	113884	117177215	0.000919985	0.000598803	0	0.00383214	1028.92	2026.26	5	9422	
42	43	3	3	1	3	89349	112826398	101134	117453048	0.000912685	0.000636489	0	0.00383214	1161.36	2130.29	5	9422	
42	43	1	4	7	3	15813	58169151	18931	58491136	0.00140366	0.00118816	0	0.00408214	3089.7	4263.77	4	9422	
42	43	1	5	3	3	24471	63311288	27874	63978717	0.00123687	0.0010289	0	0.00383214	2295.28	3698.24	5	9422	
42	43	1	6	2	3	8612	56892041	10481	57478966	0.00193868	0.00135666	0	0.00383214	5484.11	4420.23	5	9422	
42	43	7	7	1	3	69576	112783197	92569	126931055	0.00080914	0.000727038	0	0.00408214	1371.2	2228.16	5	9422	
43	44	2	1	1	3	85648	91903542	99663	95264439	0.000903283	0.000649884	0	0.00408214	955.866	2184.78	4	9422	
43	44	2	2	2	3	105015	115482886	117418	119864163	0.000919777	0.000595586	0	0.00383214	1020.83	2018.49	5	9422	
43	44	1	3	6	3	91937	115327255	103820	119986531	0.000914531	0.000634936	0	0.00383214	1155.72	2127.27	5	9422	
43	44	1	4	7	3	16258	59588963	20381	59957058	0.00133697	0.00119477	0	0.00408214	2941.81	4207.21	4	9422	
43	44	1	5	3	3	24716	64630294	28032	65288752	0.00124604	0.00103403	0	0.00383214	2329.08	3720.85	5	9422	
43	44	8	6	1	3	8860	58228971	10624	58804871	0.00195296	0.00135304	0	0.00383214	5535.1	4412.77	5	9422	
43	44	1	7	5	3	72244	115045596	95314	129210252	0.000813821	0.000723021	0	0.00408214	1355.63	2220.96	5	9422	
44	45	2	1	4	3	87785	94104878	102674	97568356	0.00089899	0.000650914	0	0.00408214	950.273	2178.47	4	9422	
44	45	2	2	2	3	108035	118168207	120540	122594935	0.000919947	0.000593233	0	0.00383214	1017.05	2014.04	5	9422	
44	45	3	3	1	3	94272	117809482	106282	122497124	0.000915629	0.000633815	0	0.00383214	1152.57	2128.67	5	9422	
44	45	2	4	3	3	16788	61037896	20850	61408316	0.00134028	0.00119161	0	0.00408214	2945.24	4204.69	4	9422	
44	45	6	5	1	3	24990	65993491	28275	66639863	0.00125508	0.00103914	0	0.00383214	2356.85	3740.89	5	9422	
44	45	1	6	2	3	9105	59587027	10767	60152217	0.00196687	0.00134935	0	0.00383214	5586.72	4405.89	5	9422	
44	45	7	7	1	3	74707	118008917	97859	132202804	0.00081865	0.000720357	0	0.00408214	1350.95	2218.41	5	9422	
45	46	1	1	4	3	88435	95519240	103442	98995947	0.000900961	0.000654201	0	0.00408214	957.019	2193.73	4	9422	
45	46	1	2	2	3	109975	120795558	122571	125294650	0.000921433	0.000593713	0	0.00383214	1022.22	2017.17	5	9422	
45	46	1	3	6	3	95421	119334560	107508	124030679	0.000917954	0.000636543	0	0.00383214	1153.69	2138.52	5	9422	
45	46	1	4	7	3	17062	62374378	21071	62740379	0.00135008	0.0011938	0	0.00408214	2977.57	4218.79	4	9422	
45	46	1	5	3	3	25447	67405806	28740	68053817	0.00126441	0.00104139	0	0.00383214	2367.91	3750.74	5	9422	
45	46	1	6	2	3	9261	60901801	11020	61467348	0.00196037	0.00135338	0	0.00383214	5577.8	4409.89	5	9422	
45	46	1	7	5	3	76074	120178367	99291	134382758	0.000821816	0.000720951	0	0.00408214	1353.42	2224.55	5	9422	
46	47	1	1	4	3	88597	96826573	103603	100303056	0.000903835	0.000658556	0	0.00408214	968.148	2213.18	4	9422	
46	47	2	2	2	3	112794	123380040	125562	127918907	0.000923256	0.000593454	0	0.00383214	1018.77	2013.47	5	9422	
46	47	3	3	1	3	98774	122397484	111172	127160987	0.000916865	0.000633118	0	0.00383214	1143.82	2126.58	5	9422	
46	47	1	4	7	3	17205	63683276	21257	64050617	0.00135845	0.00119775	0	0.00408214	3013.15	4233.2	4	9422	
46	47	1	5	3	3	25626	68743809	29287	69463212	0.00125765	0.00104954	0	0.00383214	2371.81	3756.87	5	9422	
46	47	1	6	2	3	9437	62202674	11473	62797552	0.00192251	0.00136883	0	0.00383214	5473.51	4432.03	5	9422	
46	47	7	7	1	3	77330	123264101	100620	137542284	0.000826027	0.000722452	0	0.00408214	1366.95	2232.06	5	9422	
47	48	1	1	4	3	88740	98173919	103757	101651234	0.000906628	0.000662712	0	0.00408214	979.705	2233.68	4	9422	
47	48	2	2	2	3	115154	126051572	128381	130647563	0.000922301	0.000594785	0	0.00383214	1017.65	2012.97	5	9422	
47	48	1	3	1	3	101071	125682444	114546	130996888	0.000909782	0.000634636	0	0.00383214	1143.62	2117.75	5	9422	
47	48	1	4	7	3	17348	65004850	21709	65471210	0.00134979	0.0012036	0	0.00408214	3015.86	4231.46	4	9422	
47	48	1	5	3	3	25889	70055394	29516	70771637	0.00126691	0.00105476	0	0.00383214	2397.74	3773.67	5	9422	
47	48	1	6	2	3	9662	63511450	11743	64120023	0.00192167	0.00136625	0	0.00383214	5460.28	4435.17	5	9422	
47	48	1	7	5	3	78757	125070088	102108	139386631	0.000829614	0.000722841	0	0.00408214	1365.09	2238.53	5	9422	
48	49	1	1	4	3	90044	99701159	105684	103234296	0.000904148	0.000664997	0	0.00408214	976.82	2237.63	4	9422	
48	49	2	2	2	3	118344	128685638	131702	133325808	0.000922658	0.000592792	0	0.00383214	1012.33	2009.1	5	9422	
48	49	3	3	1	3	103321	128629257	116866	133951860	0.000910838	0.000633414	0	0.00383214	1146.2	2119.69	5	9422	
48	49	1	4	7	3	17491	66305532	21852	66771892	0.00136059	0.00120701	0	0.00408214	3055.64	4246.73	4	9422	
48	49	1	5	1	3	26173	71406023	29783	72121129	0.00127582	0.00105978	0	0.00383214	2421.55	3790.4	5	9422	
48	49	1	6	2	3	9805	64784400	11934	65398013	0.00192686	0.00136584	0	0.00383214	5479.97	4430.21	5	9422	
48	49	1	7	1	3	79235	126969018	102493	141269320	0.000832653	0.000726125	0	0.00408214	1378.33	2253.54	5	9422	
49	50	1	1	4	3	90589	101346698	106303	104900869	0.000906688	0.00066854	0	0.00408214	986.81	2251.05	4	9422	
49	50	2	2	2	3	120485	131308241	133945	136032096	0.000924406	0.000593091	0	0.00383214	1015.58	2011.02	5	9422	
49	50	3	3	1	3	106611	131268650	120208	136601319	0.000911864	0.000629854	0	0.00383214	1136.37	2111.47	5	9422	
49	50	1	4	7	3	17633	67632817	22007	68109470	0.0013705	0.00121037	0	0.00408214	3094.9	4262.53	4	9422	
49	50	1	5	3	3	26417	72763892	29931	73469000	0.00128436	0.00106425	0	0.00383214	2454.61	3811.83	5	9422	
49	50	1	6	2	3	9948	66071321	12120	66689449	0.00193268	0.00136515	0	0.00383214	5502.43	4425.53	5	9422	
49	50	7	7	1	3	80329	129026881	104445	144332139	0.000829837	0.000728393	0	0.00408214	1381.9	2256.72	5	9422	
50	51	1	1	4	3	91062	103122697	106875	106689649	0.000908577	0.000671852	0	0.00408214	998.266	2265.54	4	9422	
50	51	2	2	2	3	121855	133955341	135515	138897193	0.000927083	0.000595333	0	0.00383214	1024.96	2016.93	5	9422	
50	51	3	3	1	3	108863	133893481	122526	139264596	0.000913765	0.00062955	0	0.00383214	1136.61	2111.06	5	9422	
50	51	1	4	7	3	17776	68967862	22150	69444515	0.00138102	0.00121349	0	0.00408214	3135.19	4278.21	4	9422	
50	51	1	5	3	3	26660	74087533	30084	74783191	0.00129293	0.0010686	0	0.00383214	2485.81	3830.71	5	9422	
50	51	1	6	1	3	10242	67383596	12581	68024764	0.00190683	0.00136807	0	0.00383214	5406.94	4437.14	5	9422	
50	51	1	7	5	3	82093	131797979	107818	147928888	0.000821253	0.000728691	0	0.00408214	1372.02	2244.48	5	9422	
51	52	2	1	1	3	92335	104867824	108505	108539230	0.000908856	0.000673853	0	0.00408214	1000.32	2271.17	4	9422	
51	52	2	2	2	3	123589	136575201	137426	141660987	0.000928922	0.000596452	0	0.00383214	1030.82	2021.51	5	9422	
51	52	3	3	1	3	110331	136521036	124122	142031632	0.000916187	0.000630738	0	0.00383214	1144.29	2116.68	5	9422	
51	52	1	4	7	3	17919	70291000	22325	70768862	0.00138941	0.00121675	0	0.00408214	3169.94	4291.23	4	9422	
51	52	6	5	1	3	26978	75434751	30891	76173425	0.00127724	0.00107461	0	0.00383214	2465.88	3823.75	5	9422	
51	52	1	6	1	3	10450	68677328	12800	69320025	0.0019148	0.00136783	0	0.00383214	5415.63	4435.4	5	9422	
51	52	7	7	1	3	83615	134225236	111299	151199910	0.000810565	0.000730036	0	0.00408214	1358.5	2234.8	5	9422	
52	53	1	1	4	3	94436	106967539	110837	110687987	0.000910033	0.000672564	0	0.00408214	998.656	2269.65	4	9422	
52	53	1	2	2	3	125674	139208951	140384	144706355	0.000925779	0.000598706	0	0.00383214	1030.79	2017.59	5	9422	
52	53	3	3	1	3	111816	139154781	125749	144813379	0.000918908	0.0006322	0	0.00383214	1151.61	2120.48	5	9422	
52	53	1	4	7	3	18175	71634007	22775	72158562	0.00138181	0.00122132	0	0.00408214	3168.32	4289.93	4	9422	
52	53	1	5	3	3	28818	77133866	33349	77976303	0.00124421	0.00105915	0	0.00383214	2338.19	3747.95	5	9422	
52	53	8	6	1	3	10644	70030181	13054	70669429	0.0019158	0.00136738	0	0.00383214	5413.62	4439.24	5	9422	
52	53	7	7	1	3	86183	137292045	114399	154421167	0.000811237	0.000727201	0	0.00408214	1349.85	2229.28	5	9422	
53	54	2	1	1	3	95215	108378616	111997	112125146	0.000909401	0.000675618	0	0.00408214	1001.14	2279.5	4	9422	
53	54	2	2	2	3	127377	141847922	142605	147626387	0.000925562	0.000601094	0	0.00383214	1035.21	2020.06	5	9422	
53	54	3	3	1	3	113079	141769970	127180	147644292	0.000921992	0.000634004	0	0.00383214	1160.91	2126.68	5	9422	
53	54	1	4	7	3	18415	72974501	22922	73493752	0.00139195	0.00122412	0	0.00408214	3206.25	4303.97	4	9422	
53	54	1	5	3	3	29111	78479003	33659	79332478	0.00125129	0.00106298	0	0.00408214	2356.95	3761.75	5	9422	
53	54	1	6	2	3	11892	71667659	14630	72350514	0.0018058	0.00135471	0	0.00383214	4945.35	4488.11	5	9422	
53	54	1	7	5	3	87551	140285266	116650	158286914	0.000808618	0.000728007	0	0.00408214	1356.94	2226.64	5	9422	
54	55	1	1	4	3	95670	109715382	112498	113465086	0.000912291	0.000679395	0	0.00408214	1008.6	2293.27	4	9422	
54	55	2	2	2	3	129555	144473962	144856	150298118	0.000927008	0.000601096	0	0.00383214	1037.57	2022.19	5	9422	
54	55	1	3	6	3	116095	143926737	130261	149815494	0.000922387	0.000631019	0	0.00383214	1150.12	2122.3	5	9422	
54	55	1	4	7	3	18639	74326954	23092	74833820	0.00140131	0.00122703	0	0.00408214	3240.68	4316.95	4	9422	
54	55	6	5	1	3	29359	79772531	33857	80620592	0.00125955	0.00106761	0	0.00408214	2381.21	3776.93	5	9422	
54	55	1	6	2	3	12034	73003535	14773	73692950	0.00181736	0.0013532	0	0.00383214	4988.35	4487.54	5	9422	
54	55	7	7	5	3	89614	144334410	119456	162969268	0.000808248	0.00072713	0	0.00408214	1364.26	2218.21	5	9422	
55	56	1	1	4	3	95941	111046905	112736	114794368	0.000915078	0.000683117	0	0.00408214	1018.26	2309.9	4	9422	
55	56	2	2	2	3	131839	147105453	147227	152981614	0.000928339	0.000601126	0	0.00383214	1039.09	2023.21	5	9422	
55	56	3	3	1	3	119025	146007927	133249	151894892	0.000922885	0.000628381	0	0.00383214	1139.93	2119.69	5	9422	
55	56	1	4	7	3	18879	75655780	23235	76155933	0.00141115	0.00122962	0	0.00408214	3277.64	4329.47	4	9422	
55	56	1	5	3	3	29594	81084518	34015	81925070	0.00126725	0.00107158	0	0.00408214	2408.5	3793.96	5	9422	
55	56	1	6	2	3	12177	74271423	15189	75046191	0.00179583	0.00136127	0	0.00383214	4940.83	4486.77	5	9422	
55	56	1	7	1	3	91412	146967331	121392	165712008	0.000812353	0.00072726	0	0.00408214	1365.1	2218.21	5	9422	
56	57	1	1	1	3	97653	113472871	114985	117311268	0.000912929	0.000683859	0	0.00408214	1020.23	2308.58	4	9422	
56	57	2	2	2	3	133776	149334223	149824	155332318	0.000925586	0.000602983	0	0.00383214	1036.77	2023.9	5	9422	
56	57	3	3	6	3	121431	149060595	136911	155569945	0.000915799	0.000630184	0	0.00383214	1136.29	2110.17	5	9422	
56	57	1	4	7	3	19173	76972718	23656	77487246	0.00140936	0.00123072	0	0.00408214	3275.59	4330.22	4	9422	
56	57	1	5	3	3	29830	82413016	34181	83246628	0.00127523	0.00107585	0	0.00408214	2435.46	3811.1	5	9422	
56	57	1	6	2	3	12320	75618769	15510	76424767	0.00178632	0.00136565	0	0.00383214	4927.45	4490	5	9422	
56	57	7	7	1	3	93734	149600811	123769	168358372	0.000815941	0.000725344	0	0.00408214	1360.26	2214.64	5	9422	
57	58	2	1	1	3	99514	115547816	118372	119744869	0.000903284	0.000685878	0	0.00408214	1011.6	2296.82	4	9422	
57	58	2	2	1	3	136304	151249006	153118	157370225	0.000922712	0.00060352	0	0.00383214	1027.77	2020.38	5	9422	
57	58	1	3	6	3	123520	152245668	139418	159057002	0.000914847	0.000630911	0	0.00383214	1140.86	2108.19	5	9422	
57	58	1	4	7	3	19316	78288224	23808	78802979	0.00141838	0.00123324	0	0.00408214	3309.94	4341.39	4	9422	
57	58	1	5	3	3	30064	83734844	34372	84564351	0.00128304	0.00107985	0	0.00408214	2460.27	3826.59	5	9422	
57	58	8	6	1	3	12874	77001635	16302	77845331	0.00175112	0.00136333	0	0.00383214	4775.2	4493.56	5	9422	
57	58	7	7	5	3	94917	152203949	125072	171119352	0.000819499	0.000726309	0	0.00408214	1368.17	2219.5	5	9422	
58	59	2	1	4	3	102395	117803198	122076	122173898	0.000899364	0.00068357	0	0.00408214	1000.8	2283.48	4	9422	
58	59	2	2	2	3	139193	153896102	156598	160131014	0.000919907	0.000603021	0	0.00383214	1022.56	2016.22	5	9422	
58	59	1	3	6	3	123713	153564920	139622	160377400	0.00091697	0.000634661	0	0.00383214	1148.65	2122.53	5	9422	
58	59	1	4	7	3	19459	79583974	24298	80119105	0.00140744	0.00123836	0	0.00408214	3297.35	4338.07	4	9422	
58	59	1	5	3	3	30348	85094422	34650	85914876	0.00128991	0.00108316	0	0.00408214	2479.51	3839.93	5	9422	
58	59	1	6	2	3	13115	78279453	16458	79114224	0.00176188	0.0013623	0	0.00383214	4807.04	4491.52	5	9422	
58	59	7	7	1	3	95789	153973889	126011	172945725	0.000822676	0.00072828	0	0.00408214	1372.47	2228.07	5	9422	
59	60	2	1	1	3	105643	119884124	125949	124363149	0.000896487	0.000679509	0	0.00408214	987.409	2268.54	4	9422	
59	60	2	2	2	3	142824	155951214	160422	162221043	0.000919382	0.000599887	0	0.00383214	1011.21	2010.1	5	9422	
59	60	3	3	1	3	126336	156963289	142736	163924629	0.000914826	0.000633731	0	0.00383214	1148.45	2117.95	5	9422	
59	60	1	4	7	3	19612	80760572	24708	81308192	0.00140084	0.00124197	0	0.00408214	3290.76	4335.9	4	9422	
59	60	6	5	1	3	30526	86336150	34796	87162643	0.00129622	0.00108638	0	0.00408214	2504.96	3855.62	5	9422	
59	60	8	6	1	3	13346	79488529	16605	80316955	0.00177075	0.00136115	0	0.00383214	4836.91	4491.06	5	9422	
59	60	7	7	1	3	96448	155243887	126679	174219624	0.000825829	0.000731187	0	0.00408214	1375.28	2237.41	5	9422	
