% start	end	CellId	IMSI	RNTI	LCID	nTxPDUs	TxBytes	nRxPDUs	RxBytes	delay	stdDev	min	max	PduSize	stdDev	min	max
0	1	1	1	6	3	510	1393492	482	1392036	0.00141317	0.000984382	0	0.003	2888.04	3621.88	23	9422	
0	1	2	2	2	3	3319	2198834	3348	2204079	0.000932811	0.0004509	0	0.003	658.327	1634.73	19	9422	
0	1	7	3	1	3	1185	1326107	1232	1329833	0.00111621	0.000705703	0	0.003	1079.41	2739.28	18	9422	
0	1	4	4	1	3	2263	2300076	2744	2413478	0.000819384	0.000604832	0	0.003	879.547	1863.03	5	9422	
0	1	1	5	1	3	2012	1465859	2082	1472848	0.000973618	0.000577253	0	0.003	707.42	2140.81	5	9422	
0	1	1	6	2	3	1657	2328408	1683	2347595	0.000962741	0.000604887	0.000635713	0.003	1394.89	2271.33	15	9422	
0	1	1	7	5	3	1601	1704730	1659	1701613	0.00102098	0.000629206	0	0.00383214	1025.69	2250.65	9	9422	
1	2	1	1	6	3	1033	2785452	996	2791474	0.00144232	0.00101799	0	0.00383214	2802.68	3859.73	23	9422	
1	2	1	2	7	3	5028	3966496	5081	3975086	0.00098103	0.000531428	0	0.00383214	782.343	1972.29	9	9422	
1	2	1	3	3	3	1420	2626128	1482	2629969	0.00129081	0.00087722	0	0.003	1774.61	3474.5	13	9422	
1	2	4	4	1	3	4952	4681860	5926	4980956	0.000840953	0.000608378	0	0.003	840.526	1838.31	5	9422	
1	2	3	5	1	3	5159	3518877	5472	3555936	0.000942911	0.000555537	0	0.003	649.842	1923.98	5	9422	
1	2	3	6	2	3	3997	4963616	4130	5035830	0.000961278	0.000575853	0	0.003	1219.33	2153.22	15	9422	
1	2	1	7	5	3	4057	3643451	4170	3649111	0.00100876	0.000589384	0	0.00383214	875.087	2163.59	9	9422	
2	3	1	1	6	3	2249	4377799	2836	4460079	0.00100508	0.000949418	0	0.00383214	1572.67	3099.97	5	9422	
2	3	1	2	7	3	5759	5354226	5856	5366509	0.00101909	0.000610292	0	0.00383214	916.412	2266.64	9	9422	
2	3	1	3	3	3	1653	3937474	1624	3924407	0.00144026	0.000967178	0	0.003	2416.51	3920.86	13	9422	
2	3	1	4	2	3	6771	6406253	8140	6763287	0.000853553	0.000634979	0	0.00383214	830.871	1959	5	9422	
2	3	1	5	1	3	7084	5767424	8294	5997909	0.000871102	0.000621996	0	0.00383214	723.162	1960.08	5	9422	
2	3	3	6	2	3	5980	7591749	6189	7721783	0.000973814	0.000583387	0	0.003	1247.66	2173.24	15	9422	
2	3	1	7	2	3	4323	4993425	4411	5006073	0.00108222	0.000691875	0	0.00383214	1134.91	2596.14	9	9422	
3	4	2	1	1	3	2484	5653933	3081	5736427	0.00110373	0.00101703	0	0.00383214	1861.87	3371.67	5	9422	
3	4	2	2	2	3	8096	8548625	8468	8614968	0.000986914	0.000612783	0	0.00383214	1017.36	2204	5	9422	
3	4	1	3	3	3	1879	5259262	1817	5241234	0.00156507	0.00103271	0	0.00383214	2884.55	4159.71	13	9422	
3	4	1	4	2	3	8866	8390726	10572	8782614	0.000868257	0.000640694	0	0.00383214	830.743	1989.43	5	9422	
3	4	1	5	1	3	7915	7940207	9231	8204020	0.000893072	0.000654198	0	0.00383214	888.747	2141.26	5	9422	
3	4	3	6	2	3	7364	10205176	7632	10406291	0.000988238	0.000606825	0	0.003	1363.51	2261.4	15	9422	
3	4	1	7	5	3	4555	6348792	4639	6362324	0.00114945	0.000774373	0	0.00383214	1371.49	2913.68	9	9422	
4	5	2	1	1	3	3546	7047921	4215	7136132	0.00111659	0.000956655	0	0.00383214	1693.03	3280.21	5	9422	
4	5	1	2	7	3	10701	11137617	11935	11543708	0.000924552	0.000627176	0	0.00383214	967.215	2071.44	5	9422	
4	5	1	3	3	3	2380	6657396	2840	6722347	0.00126297	0.0010994	0	0.00383214	2367.02	3891.24	7	9422	
4	5	4	4	1	3	11191	11423213	13912	12070516	0.000828614	0.000647119	0	0.00383214	867.633	1945.09	5	9422	
4	5	3	5	1	3	10513	10310883	12625	10731173	0.000865476	0.000651414	0	0.00383214	849.994	2057.89	5	9422	
4	5	3	6	2	3	9399	12820812	9715	13054660	0.000981697	0.000602387	0	0.003	1343.76	2248.02	15	9422	
4	5	1	7	5	3	5229	7759945	5817	7822396	0.00107958	0.000833439	0	0.00383214	1344.75	2930.83	5	9422	
5	6	1	1	1	3	4534	8816680	5314	8910692	0.00110884	0.000932144	0	0.00383214	1676.83	3233.14	5	9422	
5	6	1	2	7	3	11503	12529706	12819	12932853	0.000943119	0.000654266	0	0.00383214	1008.88	2183.88	4	9422	
5	6	1	3	3	3	2649	8021504	3212	8108010	0.00128553	0.00112295	0	0.00383214	2524.29	3972.49	7	9422	
5	6	4	4	1	3	14634	15437146	17499	16132967	0.000845425	0.000617694	0	0.00383214	921.937	1931.12	5	9422	
5	6	1	5	1	3	12325	13255655	14656	13721983	0.000873307	0.000653541	0	0.00383214	936.271	2107.77	5	9422	
5	6	3	6	2	3	11551	15028550	11984	15273526	0.000978644	0.000602246	0	0.00383214	1274.49	2243.71	9	9422	
5	6	1	7	5	3	5461	9098075	6015	9157579	0.00113721	0.000889553	0	0.00383214	1522.46	3130.68	5	9422	
6	7	2	1	1	3	5670	10317675	6487	10405082	0.0011216	0.000905835	0	0.00383214	1603.99	3182.46	5	9422	
6	7	2	2	2	3	12114	13921474	13449	14325963	0.000969032	0.000683005	0	0.00383214	1065.21	2300.71	4	9422	
6	7	1	3	3	3	2792	9338699	3355	9425205	0.00135861	0.00115206	0	0.00383214	2809.3	4117.54	7	9422	
6	7	4	4	1	3	17126	17484272	20646	18286962	0.000837365	0.000618893	0	0.00383214	885.739	1924.77	5	9422	
6	7	1	5	1	3	12571	14555192	14799	15023987	0.000893857	0.000682841	0	0.00383214	1015.2	2246.16	5	9422	
6	7	3	6	2	3	14074	18096073	14543	18368377	0.000980117	0.000593204	0	0.00383214	1263.04	2201.85	9	9422	
6	7	1	7	5	3	6040	11166456	6538	11219157	0.0011666	0.000907077	0	0.00383214	1715.99	3198.4	5	9422	
7	8	2	1	1	3	8060	12268609	9300	12417337	0.00104769	0.00083628	0	0.00383214	1335.2	2896.99	5	9422	
7	8	2	2	2	3	14286	15415424	15760	15838831	0.000967365	0.000669689	0	0.00383214	1005	2276.92	4	9422	
7	8	1	3	3	3	2935	10650523	3498	10737029	0.00142571	0.00117415	0	0.00383214	3069.48	4228.23	7	9422	
7	8	4	4	1	3	19170	20766558	23603	22273681	0.000824639	0.000627937	0	0.00383214	943.68	1919.94	5	9422	
7	8	3	5	1	3	13531	16379905	16011	16914647	0.000899651	0.000696743	0	0.00383214	1056.44	2286.33	5	9422	
7	8	1	6	2	3	15989	20728603	16601	21090414	0.000982524	0.000596438	0	0.00383214	1270.43	2200.47	5	9422	
7	8	1	7	5	3	6192	12418113	6680	12460447	0.00120557	0.000935543	0	0.00383214	1865.34	3327.93	5	9422	
8	9	1	1	6	3	9034	13761369	10699	13973536	0.00102492	0.000842569	0	0.00383214	1306.06	2876.5	5	9422	
8	9	1	2	7	3	15132	16860375	17068	17332894	0.000959172	0.000689426	0	0.00383214	1015.52	2327.87	4	9422	
8	9	1	3	3	3	3078	11935071	3641	12021577	0.00148754	0.0011908	0	0.00383214	3301.72	4305.27	7	9422	
8	9	4	4	1	3	20887	23388153	25445	25012600	0.000840474	0.000633059	0	0.00383214	983.006	1956.12	5	9422	
8	9	1	5	1	3	14353	17951003	18099	18746559	0.000855767	0.000722423	0	0.00383214	1035.78	2286.88	5	9422	
8	9	3	6	2	3	17804	23290917	18500	23713118	0.000987815	0.000600709	0	0.00383214	1281.79	2215.02	5	9422	
8	9	1	7	5	3	6335	13699828	7195	13818100	0.0011789	0.00097521	0	0.00383214	1920.51	3383.33	5	9422	
9	10	1	1	6	3	10295	16318188	11961	16530049	0.00103227	0.000833468	0	0.00383214	1382	2865.12	5	9422	
9	10	1	2	7	3	15287	18165353	17382	18651975	0.000968318	0.00071566	0	0.00383214	1073.06	2423.36	4	9422	
9	10	1	3	3	3	3354	13273571	3900	13348866	0.00152896	0.00119507	0	0.00383214	3422.79	4346.13	7	9422	
9	10	1	4	1	3	22526	26008345	27145	27686094	0.00085233	0.0006363	0	0.00383214	1019.93	1993.25	5	9422	
9	10	3	5	1	3	15083	19373811	20039	20281363	0.000821504	0.000740283	0	0.00383214	1012.09	2295.58	5	9422	
9	10	3	6	4	3	20287	25324489	21689	25861501	0.000963988	0.000610042	0	0.00383214	1192.38	2181.9	5	9422	
9	10	7	7	2	3	6657	15175674	7637	15372011	0.00118374	0.000999307	0	0.00383214	2012.83	3447.19	5	9422	
10	11	2	1	1	3	12088	18876548	14121	19150206	0.00100839	0.000815735	0	0.00383214	1356.15	2775.15	5	9422	
10	11	1	2	7	3	15492	19517517	17613	20005093	0.000985821	0.000739968	0	0.00408214	1135.81	2522.45	4	9422	
10	11	1	3	3	3	3585	14554942	4090	14626148	0.00157688	0.00120491	0	0.00383214	3576.08	4383.44	7	9422	
10	11	4	4	1	3	25071	28651147	29728	30336656	0.000864567	0.000631474	0	0.00383214	1020.47	1993.9	5	9422	
10	11	1	5	1	3	17260	21143797	22987	22140905	0.000819856	0.000728917	0	0.00383214	963.192	2262.19	5	9422	
10	11	3	6	2	3	23015	28623409	24986	29372492	0.000944724	0.000609172	0	0.00383214	1175.56	2141.35	5	9422	
10	11	1	7	5	3	7261	17330664	8398	17587114	0.0011768	0.00100066	0	0.00383214	2094.2	3432.53	5	9422	
11	12	1	1	6	3	12301	20212737	14376	20493997	0.00102537	0.00083573	0	0.00383214	1425.57	2856	5	9422	
11	12	1	2	7	3	16352	22209085	18430	22697777	0.000997928	0.000748179	0	0.00408214	1231.57	2576.09	4	9422	
11	12	7	3	1	3	3816	15894310	4255	15970029	0.00162582	0.00121304	0	0.00383214	3753.24	4431.53	7	9422	
11	12	4	4	1	3	27801	31273164	32502	32980289	0.000876223	0.00062624	0	0.00383214	1014.72	1987.99	5	9422	
11	12	3	5	1	3	17580	22517818	24314	23646036	0.000799612	0.000747509	0	0.00383214	972.528	2299.86	5	9422	
11	12	3	6	2	3	24723	31262274	26788	32091811	0.000951013	0.000611914	0	0.00383214	1197.99	2154.57	5	9422	
11	12	7	7	2	3	8633	19318731	10686	19867088	0.00107178	0.000977087	0	0.00383214	1859.17	3231.2	5	9422	
12	13	1	1	6	3	13259	21666157	15383	21952520	0.00103752	0.000836812	0	0.00383214	1427.06	2875.68	5	9422	
12	13	1	2	7	3	16599	23542767	18582	24013571	0.00101373	0.000765974	0	0.00408214	1292.3	2659.77	4	9422	
12	13	1	3	3	3	4026	17247298	4398	17317375	0.0016705	0.00121779	0	0.00383214	3937.56	4473.35	7	9422	
12	13	4	4	1	3	30053	33860735	34842	35614003	0.000886828	0.000627162	0	0.00383214	1022.16	1996.15	5	9422	
12	13	1	5	1	3	18818	23990055	25652	25125689	0.00081477	0.000750211	0	0.00383214	979.483	2333.7	5	9422	
12	13	3	6	2	3	26960	33890697	29109	34765566	0.000952372	0.000609607	0	0.00383214	1194.32	2146.3	5	9422	
12	13	1	7	5	3	9750	21117162	11826	21671466	0.00108189	0.000963391	0	0.00383214	1832.53	3200.1	5	9422	
13	14	2	1	1	3	14689	23183460	16817	23460989	0.00104298	0.000825525	0	0.00383214	1395.08	2858.88	5	9422	
13	14	1	2	7	3	17857	25141708	20208	25661338	0.00100486	0.000768861	0	0.00408214	1269.86	2654.12	4	9422	
13	14	1	3	3	3	4318	18720047	4782	18799720	0.0016507	0.00122467	0	0.00383214	3931.35	4451.46	7	9422	
13	14	1	4	2	3	31311	35761913	36227	37572191	0.000894051	0.000633269	0	0.00383214	1037.13	2030.97	5	9422	
13	14	3	5	1	3	20632	27020192	27729	28206334	0.000820639	0.000744126	0	0.00383214	1017.21	2333.68	5	9422	
13	14	3	6	2	3	29376	36523796	31560	37412069	0.000951535	0.000605128	0	0.00383214	1185.43	2143.35	5	9422	
13	14	1	7	5	3	10322	23194124	12441	23752910	0.0010914	0.000966611	0	0.00383214	1909.24	3223.98	5	9422	
14	15	2	1	1	3	16106	24984533	18259	25262523	0.00104684	0.000815502	0	0.00383214	1383.57	2840.72	5	9422	
14	15	1	2	7	3	19479	27542134	21918	28083784	0.00100602	0.000761186	0	0.00408214	1281.31	2638.02	4	9422	
14	15	1	3	3	3	4461	20038521	5295	20216297	0.0015718	0.00126011	0	0.00383214	3818	4428.11	7	9422	
14	15	4	4	1	3	34034	38827620	39047	40654154	0.000898261	0.000626863	0	0.00383214	1041.16	2029.28	5	9422	
14	15	1	5	1	3	22395	28686040	29651	29895958	0.000829638	0.000739189	0	0.00383214	1008.26	2338.7	5	9422	
14	15	1	6	2	3	31388	39145875	33663	40096033	0.000954347	0.000604612	0	0.00383214	1191.1	2142.08	5	9422	
14	15	1	7	5	3	10524	24509111	12733	25065151	0.00110405	0.00098102	0	0.00383214	1968.52	3283.79	5	9422	
15	16	1	1	1	3	16686	26758929	18838	27052990	0.00105682	0.000823706	0	0.00383214	1436.09	2881.03	5	9422	
15	16	2	2	2	3	22834	29986697	25329	30537633	0.000998728	0.000730338	0	0.00408214	1205.64	2549.9	4	9422	
15	16	1	3	3	3	4604	21385867	5438	21563643	0.00160935	0.00126426	0	0.00383214	3965.36	4460.57	7	9422	
15	16	4	4	1	3	36007	41807110	41061	43651630	0.000906027	0.000627604	0	0.00383214	1063.09	2044.03	5	9422	
15	16	1	5	1	3	23220	30708845	30403	31912260	0.000839629	0.000745684	0	0.00383214	1049.64	2381.57	5	9422	
15	16	3	6	2	3	33095	41778945	35491	42834074	0.000960742	0.000608272	0	0.00383214	1206.9	2152.08	5	9422	
15	16	1	7	5	3	10667	25829092	12941	26392054	0.00111945	0.000996263	0	0.00383214	2039.41	3348.42	5	9422	
16	17	1	1	6	3	16903	28032443	19095	28328407	0.00106949	0.00083732	0	0.00383214	1483.55	2936.4	5	9422	
16	17	2	2	2	3	26621	33434241	29186	34007194	0.0009908	0.000701467	0	0.00408214	1165.19	2456.27	4	9422	
16	17	1	3	3	3	4747	22688867	5709	22873890	0.00160758	0.00127637	0	0.00383214	4006.64	4468.72	7	9422	
16	17	1	4	1	3	37946	43990788	43747	46046870	0.000897596	0.000633015	0	0.00383214	1052.57	2043.78	5	9422	
16	17	1	5	1	3	23465	32009780	30548	33205671	0.000849844	0.000758491	0	0.00383214	1087	2438.5	5	9422	
16	17	3	6	2	3	34821	44415536	37297	45542743	0.000967051	0.000611947	0	0.00383214	1221.08	2160.33	5	9422	
16	17	1	7	5	3	10883	27177762	13378	27773612	0.00112048	0.00101003	0	0.00383214	2076.07	3392.38	5	9422	
17	18	2	1	6	3	17084	29344021	19304	29641341	0.00108136	0.00085121	0	0.00383214	1535.5	2995.66	5	9422	
17	18	2	2	2	3	29690	36866622	32810	37623614	0.000976545	0.000692133	0	0.00408214	1146.71	2392.27	4	9422	
17	18	1	3	3	3	4890	23979029	5852	24164876	0.0016416	0.00127888	0	0.00383214	4129.34	4483.92	7	9422	
17	18	4	4	2	3	39367	46569624	47041	49852676	0.000867833	0.000646648	0	0.00383214	1059.77	2026.07	5	9422	
17	18	1	5	1	3	23944	33851660	31069	35061299	0.000858841	0.000766909	0	0.00383214	1128.5	2480.09	5	9422	
17	18	3	6	2	3	36757	47039670	39304	48215681	0.000969149	0.000612897	0	0.00383214	1226.74	2162.23	5	9422	
17	18	1	7	5	3	11199	28541228	13632	29130632	0.00114303	0.00102375	0	0.00383214	2136.93	3447.03	5	9422	
18	19	1	1	6	3	17416	30676772	19735	30981743	0.00108928	0.000862213	0	0.00383214	1569.89	3039.36	5	9422	
18	19	1	2	2	3	31405	39304786	35184	40179904	0.000964288	0.000696144	0	0.00408214	1141.99	2378.44	4	9422	
18	19	1	3	3	3	5032	25273102	5995	25467547	0.00167401	0.00128042	0	0.00383214	4248.13	4496.65	7	9422	
18	19	4	4	1	3	40974	49419664	50008	53192551	0.000852188	0.000654842	0	0.00383214	1063.68	2020.95	5	9422	
18	19	1	5	1	3	24087	35170188	31229	36371495	0.000868082	0.000778667	0	0.00383214	1164.67	2533.47	5	9422	
18	19	3	6	2	3	38259	49672463	40888	50935549	0.000973295	0.000616255	0	0.00383214	1245.73	2173.4	5	9422	
18	19	1	7	5	3	11647	29934006	14067	30522788	0.00116141	0.00103182	0	0.00383214	2169.82	3483.51	5	9422	
19	20	1	1	6	3	17938	32012851	20298	32318794	0.00109686	0.000868658	0	0.00383214	1592.22	3070.99	4	9422	
19	20	1	2	7	3	34068	42306772	38247	43256680	0.000957208	0.000689137	0	0.00408214	1130.98	2349.15	4	9422	
19	20	1	3	3	3	5175	26558082	6138	26752527	0.0017049	0.00128113	0	0.00383214	4358.51	4504.54	7	9422	
19	20	4	4	2	3	42626	51512165	52725	55508434	0.000840874	0.000658872	0	0.00383214	1052.79	2017.65	5	9422	
19	20	1	5	1	3	24230	36517534	31402	37720633	0.000876961	0.00079014	0	0.00383214	1201.22	2587.17	5	9422	
19	20	3	6	2	3	39485	52298406	42242	53722256	0.000979002	0.000621852	0	0.00383214	1271.77	2190.74	5	9422	
19	20	7	7	2	3	11957	31253422	14499	31851724	0.00116393	0.00104201	0	0.00383214	2196.82	3509.45	5	9422	
20	21	1	1	6	3	18179	33286757	20452	33574496	0.0011115	0.000881987	0	0.00383214	1641.62	3119.38	4	9422	
20	21	1	2	7	3	34272	43622650	38577	44587386	0.000961678	0.000699675	0	0.00408214	1155.8	2390.86	4	9422	
20	21	1	3	3	3	5361	27881070	6292	28072538	0.00173546	0.00128245	0	0.00383214	4461.62	4512.66	7	9422	
20	21	4	4	1	3	45257	54954355	55785	59212475	0.000842693	0.000656757	0	0.00383214	1061.44	2007.41	5	9422	
20	21	1	5	1	3	24372	37855458	31612	39071640	0.000884706	0.000801332	0	0.00383214	1235.97	2637.48	5	9422	
20	21	3	6	2	3	41726	54921172	44589	56384438	0.000980796	0.000621213	0	0.00383214	1264.54	2185.09	5	9422	
20	21	1	7	5	3	12408	33022980	15145	33643840	0.00116123	0.00104514	0	0.00383214	2221.45	3510.83	5	9422	
21	22	1	1	6	3	18417	34605776	20608	34887571	0.00112479	0.000893282	0	0.00383214	1692.91	3170.97	4	9422	
21	22	2	2	2	3	36720	45769516	41134	46759235	0.000962457	0.000692344	0	0.00408214	1136.75	2371.7	4	9422	
21	22	1	3	3	3	5552	29206880	6508	29401742	0.00175146	0.00128544	0	0.00383214	4517.78	4517.64	7	9422	
21	22	4	4	2	3	47153	57129460	58768	61651101	0.000834959	0.00066057	0	0.00383214	1049.06	2004.87	5	9422	
21	22	3	5	1	3	24515	39138701	32761	40832601	0.000866772	0.00081416	0	0.00383214	1246.38	2646.58	5	9422	
21	22	1	6	2	3	43942	57543833	46916	59091443	0.000981802	0.000619299	0	0.00383214	1259.52	2183.93	5	9422	
21	22	1	7	5	3	12925	34744121	15587	35346735	0.00117358	0.00104781	0	0.00383214	2267.71	3529.01	5	9422	
22	23	1	1	6	3	18671	35885726	20883	36177551	0.00113566	0.000903246	0	0.00383214	1732.39	3210.72	4	9422	
22	23	2	2	2	3	40400	48830617	44866	49831644	0.000961704	0.000676809	0	0.00408214	1110.68	2321.32	4	9422	
22	23	1	3	1	3	5931	30574085	6865	30767626	0.00176146	0.00128011	0	0.00383214	4481.81	4518.46	7	9422	
22	23	1	4	2	3	48540	59603560	60233	64144694	0.000840382	0.000662714	0	0.00383214	1064.94	2026.82	5	9422	
22	23	3	5	1	3	26239	40941119	35569	42794076	0.000850248	0.000808464	0	0.00383214	1203.13	2607.13	5	9422	
22	23	3	6	2	3	45810	60186511	48895	61820466	0.000983407	0.000619385	0	0.00383214	1264.35	2186.43	5	9422	
22	23	7	7	5	3	13162	36076077	15785	36675044	0.00119237	0.00105954	0	0.00383214	2323.41	3571.97	5	9422	
23	24	2	1	1	3	20147	37397406	22978	37733656	0.00110287	0.00089492	0	0.00383214	1642.16	3150.5	4	9422	
23	24	2	2	2	3	43508	50772262	48186	51800638	0.000959508	0.000667309	0	0.00408214	1075.01	2294.02	4	9422	
23	24	1	3	3	3	6174	31931675	7022	32107125	0.00179068	0.00128087	0	0.00408214	4572.36	4526.17	7	9422	
23	24	1	4	2	3	50656	62568018	62416	67119468	0.000846067	0.000661252	0	0.00383214	1075.36	2036.32	5	9422	
23	24	1	5	1	3	29219	43482805	38732	45375060	0.000857432	0.000790149	0	0.00383214	1171.51	2560.39	5	9422	
23	24	3	6	2	3	48058	62820205	51260	64516691	0.000982962	0.000617211	0	0.00383214	1258.62	2183.48	5	9422	
23	24	1	7	5	3	13359	37369322	15959	37975273	0.00120798	0.00106932	0	0.00383214	2379.55	3611.64	5	9422	
24	25	1	1	6	3	21130	39484817	23977	39828978	0.00110322	0.000892452	0	0.00408214	1661.13	3143.72	4	9422	
24	25	2	2	7	3	44658	53349793	50332	54606050	0.000945833	0.000676507	0	0.00408214	1084.92	2295.69	4	9422	
24	25	1	3	3	3	6392	33285122	7251	33461054	0.00180626	0.00127922	0	0.00408214	4614.68	4532.17	7	9422	
24	25	4	4	1	3	51542	64173410	63964	68846406	0.000842404	0.000666992	0	0.00383214	1076.33	2051.48	5	9422	
24	25	1	5	1	3	29362	44767931	40116	46856289	0.000838545	0.000800966	0	0.00383214	1168.02	2566	5	9422	
24	25	3	6	2	3	49600	65442686	52906	67248050	0.000985699	0.000619238	0	0.00383214	1271.09	2192.48	5	9422	
24	25	7	7	2	3	13897	38954055	16747	39585453	0.00119664	0.0010705	0	0.00383214	2363.73	3605.28	5	9422	
25	26	1	1	6	3	21555	40793787	24797	41171544	0.00109551	0.000902993	0	0.00408214	1660.34	3151.8	4	9422	
25	26	1	2	7	3	44801	54637136	51864	56118402	0.000926166	0.000692351	0	0.00408214	1082.03	2305.01	4	9422	
25	26	1	3	3	3	6631	34631591	7507	34818743	0.00181992	0.00127597	0	0.00408214	4638.17	4537.22	7	9422	
25	26	4	4	2	3	53848	66582194	67523	71702514	0.000832093	0.000667154	0	0.00383214	1061.9	2036.86	5	9422	
25	26	3	5	1	3	29645	46246114	40563	48401697	0.000843294	0.00080866	0	0.00383214	1193.25	2598.01	5	9422	
25	26	3	6	2	3	51364	68080539	54731	69938294	0.000986741	0.000620234	0	0.00383214	1277.86	2193.95	5	9422	
25	26	1	7	5	3	14236	40310071	17009	40935162	0.00121178	0.0010778	0	0.00408214	2406.68	3633.65	5	9422	
26	27	1	1	6	3	21791	42101809	24972	42473784	0.00110864	0.000914831	0	0.00408214	1700.86	3191.75	4	9422	
26	27	1	2	7	3	45362	56576785	52553	58061636	0.000929699	0.000699912	0	0.00408214	1104.82	2330.16	4	9422	
26	27	1	3	3	3	6808	35942345	7698	36130328	0.00183562	0.0012764	0	0.00408214	4693.47	4537.69	7	9422	
26	27	4	4	1	3	55074	68160398	69197	73382652	0.000832846	0.000671034	0	0.00383214	1060.49	2050.75	5	9422	
26	27	1	5	1	3	31764	48157007	42880	50344372	0.000850582	0.000800815	0	0.00383214	1174.08	2578.88	5	9422	
26	27	3	6	2	3	53064	70705490	56645	72745917	0.000989693	0.000621812	0	0.00383214	1284.24	2195.17	5	9422	
26	27	1	7	5	3	14471	41623985	17193	42244528	0.00122844	0.00108692	0	0.00408214	2457.08	3667.91	5	9422	
27	28	1	1	6	3	22028	43379123	25171	43738447	0.00112337	0.000927772	0	0.00408214	1737.65	3226.12	4	9422	
27	28	1	2	7	3	45535	57887851	52741	59374093	0.000934914	0.00070781	0	0.00408214	1125.77	2363.99	4	9422	
27	28	1	3	3	3	6951	37242140	7864	37432322	0.00185142	0.00127634	0	0.00408214	4759.96	4536.44	7	9422	
27	28	4	4	1	3	57351	71319212	72751	76924321	0.000823709	0.000671261	0	0.00383214	1057.36	2038.78	5	9422	
27	28	1	5	1	3	32358	50140528	43433	52337737	0.000858636	0.000807343	0	0.00408214	1205.02	2604.84	5	9422	
27	28	3	6	2	3	54346	73318445	58073	75547600	0.00099384	0.00062506	0	0.00383214	1300.91	2204.22	5	9422	
27	28	1	7	5	3	14614	42964418	17336	43584961	0.00124306	0.00109422	0	0.00408214	2514.13	3706.17	5	9422	
28	29	1	1	6	3	22265	44691175	25329	45042332	0.00113476	0.000936717	0	0.00408214	1778.29	3264.05	4	9422	
28	29	1	2	7	3	45717	59182660	52953	60681185	0.000940274	0.000715995	0	0.00408214	1145.94	2395.96	4	9422	
28	29	1	3	3	3	7094	38556238	8069	38751956	0.00185755	0.00127959	0	0.00408214	4802.57	4536.46	7	9422	
28	29	1	4	2	3	59286	73512897	74812	79145385	0.000828123	0.000670653	0	0.00383214	1057.92	2045.34	5	9422	
28	29	1	5	1	3	32593	51444459	43663	53640538	0.000866162	0.000816038	0	0.00408214	1228.51	2637.71	4	9422	
28	29	1	6	2	3	55638	75952296	59496	78335520	0.000997435	0.000628277	0	0.00383214	1316.65	2211.7	5	9422	
28	29	1	7	5	3	14757	44263868	17478	44874989	0.00125733	0.00110112	0	0.00408214	2567.51	3738.86	5	9422	
29	30	2	1	1	3	22558	46016180	25620	46376588	0.00114487	0.000944534	0	0.00408214	1810.17	3295.95	4	9422	
29	30	2	2	2	3	46316	60632557	53755	62155050	0.000942528	0.000721833	0	0.00408214	1156.27	2415.34	4	9422	
29	30	1	3	3	3	7237	39881321	8230	40078929	0.00187334	0.00127879	0	0.00408214	4869.86	4535.6	7	9422	
29	30	1	4	2	3	60206	75035019	75742	80666363	0.000832746	0.000674119	0	0.00383214	1065.01	2066.14	5	9422	
29	30	1	5	1	3	33051	52916112	44423	55200292	0.000867396	0.000821356	0	0.00408214	1242.61	2654.38	4	9422	
29	30	3	6	2	3	57660	78581169	61606	81001128	0.000997622	0.000628027	0	0.00383214	1314.83	2208.41	5	9422	
29	30	1	7	5	3	14900	45610156	17621	46221277	0.00127147	0.00110774	0	0.00408214	2623.08	3774	5	9422	
30	31	1	1	6	3	24294	47526802	28011	47933731	0.00111244	0.000932337	0	0.00408214	1711.25	3230.58	4	9422	
30	31	2	2	2	3	49319	62375699	56974	63918119	0.0009416	0.000712302	0	0.00408214	1121.88	2388.95	4	9422	
30	31	1	3	3	3	7380	41191409	8372	41379595	0.00189245	0.00127621	0	0.00408214	4942.62	4532.42	7	9422	
30	31	1	4	2	3	60445	76392445	75890	82014234	0.000836988	0.000680278	0	0.00383214	1080.7	2095.71	5	9422	
30	31	1	5	1	3	33434	54286955	44943	56584597	0.000871816	0.000827016	0	0.00408214	1259.03	2680.08	4	9422	
30	31	3	6	4	3	59333	81221748	63333	83684233	0.000998253	0.000628927	0	0.00383214	1321.34	2211.79	5	9422	
30	31	1	7	5	3	15128	47054994	18161	47738899	0.00126124	0.00111527	0	0.00408214	2628.65	3776	5	9422	
31	32	1	1	6	3	24533	48828348	28208	49231702	0.0011226	0.000939644	0	0.00408214	1745.31	3262.89	4	9422	
31	32	1	2	7	3	51141	64141092	59659	65842752	0.000931998	0.000713559	0	0.00408214	1103.65	2373.43	4	9422	
31	32	1	3	3	3	7523	42476423	8531	42665644	0.00190747	0.00127492	0	0.00408214	5001.25	4526.99	7	9422	
31	32	1	4	2	3	61101	78559429	77558	84463093	0.000830945	0.000687067	0	0.00383214	1089.03	2107.61	5	9422	
31	32	1	5	1	3	33978	55671038	45528	57970870	0.000878474	0.000831903	0	0.00408214	1273.3	2704.17	4	9422	
31	32	3	6	2	3	61203	83840278	65274	86352264	0.00099786	0.000628605	0	0.00383214	1322.92	2210.97	5	9422	
31	32	7	7	2	3	15770	48945215	18916	49646951	0.00125769	0.00111016	0	0.00408214	2624.6	3760.58	5	9422	
32	33	1	1	6	3	24767	50108242	28399	50507629	0.0011336	0.000948067	0	0.00408214	1778.5	3292.74	4	9422	
32	33	1	2	7	3	52794	67215009	61346	68929288	0.000935597	0.000712296	0	0.00408214	1123.62	2377.01	4	9422	
32	33	1	3	3	3	7902	44017885	8997	44225548	0.00188	0.00127364	0	0.00408214	4915.59	4518.54	7	9422	
32	33	1	4	2	3	61605	79987293	78109	85895600	0.000837389	0.000694841	0	0.00383214	1099.69	2130.76	5	9422	
32	33	3	5	1	3	34407	57041811	45989	59333946	0.000885072	0.000837239	0	0.00408214	1290.18	2730.18	4	9422	
32	33	3	6	2	3	62905	86466891	67111	89097751	0.00100025	0.000629959	0	0.00383214	1327.62	2214.48	5	9422	
32	33	1	7	5	3	16077	50314943	19300	51028430	0.00126291	0.0011137	0	0.00408214	2643.96	3774.37	5	9422	
33	34	1	1	6	3	25003	51357727	28580	51752660	0.00114427	0.000956045	0	0.00408214	1810.8	3320.04	4	9422	
33	34	2	2	2	3	54354	68901782	62964	70613696	0.00093851	0.000711685	0	0.00408214	1121.49	2378.75	4	9422	
33	34	1	3	3	3	8045	45353834	9154	45562967	0.00189462	0.00127244	0	0.00408214	4977.38	4517.64	7	9422	
33	34	1	4	2	3	63785	82454371	80719	88455152	0.000838781	0.000694217	0	0.00383214	1095.84	2130.88	5	9422	
33	34	3	5	1	3	35158	58602074	46832	60910466	0.000890695	0.000839801	0	0.00408214	1300.62	2743.03	4	9422	
33	34	3	6	2	3	64233	89105203	68607	91927689	0.00100353	0.000632442	0	0.00383214	1339.92	2221.87	5	9422	
33	34	1	7	5	3	16547	51705145	19832	52425430	0.00126676	0.00111416	0	0.00408214	2643.48	3782.85	5	9422	
34	35	1	1	6	3	25513	52745748	29494	53166685	0.0011343	0.000960274	0	0.00408214	1802.63	3318.51	4	9422	
34	35	1	2	7	3	55698	70463611	64348	72180702	0.00094242	0.000712427	0	0.00408214	1121.72	2386.73	4	9422	
34	35	1	3	3	3	8188	46672120	9297	46881253	0.00191162	0.00126993	0	0.00408214	5042.62	4514.17	7	9422	
34	35	4	4	1	3	64564	84340213	81904	90397261	0.000839461	0.000698713	0	0.00383214	1103.7	2146.53	5	9422	
34	35	1	5	1	3	37559	60943943	49446	63301289	0.000895143	0.000829427	0	0.00408214	1280.21	2711.45	4	9422	
34	35	3	6	2	3	66158	91735485	70718	94680743	0.00100443	0.000632642	0	0.00383214	1338.85	2221.03	5	9422	
34	35	1	7	2	3	16962	53059039	20254	53777679	0.00127613	0.00111639	0	0.00408214	2655.16	3791.76	5	9422	
35	36	1	1	6	3	25728	54003505	29648	54420457	0.00114326	0.000966722	0	0.00408214	1835.55	3345.89	4	9422	
35	36	1	2	7	3	58120	72226690	66799	73956429	0.000944821	0.000707385	0	0.00408214	1107.15	2380.16	4	9422	
35	36	1	3	3	3	8331	48009685	9440	48218818	0.00192811	0.00126726	0	0.00408214	5107.93	4510.96	7	9422	
35	36	4	4	1	3	67646	88043620	85652	94469382	0.000837873	0.000693978	0	0.00383214	1102.94	2128.96	5	9422	
35	36	3	5	1	3	38489	62559061	50683	64966016	0.000896862	0.000830202	0	0.00408214	1281.81	2713.21	4	9422	
35	36	1	6	2	3	68089	94366612	72797	97414005	0.0010045	0.000632478	0	0.00383214	1338.16	2219.62	5	9422	
35	36	7	7	2	3	19703	55618439	23439	56425161	0.00122443	0.00107026	0	0.00408214	2407.32	3644.62	5	9422	
36	37	1	1	1	3	25928	55292433	29805	55714132	0.00115229	0.000973096	0	0.00408214	1869.29	3374.79	4	9422	
36	37	1	2	7	3	58856	74209278	67594	75946291	0.000948143	0.000710689	0	0.00408214	1123.57	2396.88	4	9422	
36	37	1	3	3	3	8474	49338450	9583	49547583	0.0019441	0.00126447	0	0.00408214	5170.36	4506.33	7	9422	
36	37	4	4	1	3	70570	90927184	89153	97515660	0.000836989	0.000689866	0	0.00383214	1093.8	2117.59	5	9422	
36	37	3	5	1	3	39689	64554285	53413	67329528	0.000878008	0.000830717	0	0.00408214	1260.55	2683.46	4	9422	
36	37	3	6	2	3	70261	96970651	75105	100077792	0.00100401	0.000631395	0	0.00383214	1332.51	2216.94	5	9422	
36	37	7	7	2	3	21107	57391554	24904	58207960	0.00122179	0.00105491	0	0.00408214	2337.29	3604.19	5	9422	
37	38	1	1	6	3	26111	56617159	29987	57039270	0.00116104	0.00097993	0	0.00408214	1902.13	3403.58	4	9422	
37	38	1	2	7	3	60509	76016831	69340	77767186	0.000951063	0.000710089	0	0.00408214	1121.53	2399.73	4	9422	
37	38	1	3	3	3	8617	50649715	9725	50849426	0.00195952	0.00126158	0	0.00408214	5228.73	4499.79	7	9422	
37	38	1	4	1	3	72096	93027837	91579	100039978	0.000832662	0.00069132	0	0.00383214	1092.39	2116.87	5	9422	
37	38	3	5	1	3	42041	67435112	56734	70611640	0.000870845	0.000822649	0	0.00408214	1244.61	2639.32	4	9422	
37	38	3	6	2	3	72597	99621612	77624	102828404	0.00100438	0.000629465	0	0.00383214	1324.7	2210.76	5	9422	
37	38	7	7	2	3	24044	60040442	27915	60880678	0.00119799	0.00101508	0	0.00408214	2180.93	3488.78	5	9422	
38	39	2	1	1	3	26970	58243659	31499	58739319	0.0011394	0.000979732	0	0.00408214	1864.8	3377.13	4	9422	
38	39	2	2	2	3	63202	79275792	72621	81253063	0.000945305	0.000705944	0	0.00408214	1118.86	2377.02	4	9422	
38	39	1	3	3	3	8760	51966334	9869	52166095	0.0019744	0.00125865	0	0.00408214	5285.85	4493.38	7	9422	
38	39	4	4	1	3	74036	95748604	95184	103646844	0.000821912	0.000692299	0	0.00383214	1088.91	2103.01	5	9422	
38	39	1	5	1	3	44769	69878940	60186	73188714	0.000866893	0.000811887	0	0.00408214	1216.04	2602.12	4	9422	
38	39	3	6	2	3	75427	102153601	80626	105403048	0.00100127	0.000625964	0	0.00383214	1307.31	2204.12	5	9422	
38	39	1	7	5	3	27276	62480349	31176	63326036	0.00117545	0.000976422	0	0.00408214	2031.24	3381.16	5	9422	
39	40	1	1	6	3	27679	59605252	32248	60103416	0.00114322	0.00097803	0	0.00408214	1863.79	3382.34	4	9422	
39	40	1	2	7	3	66588	83742851	76380	85858403	0.000941952	0.000698253	0	0.00408214	1124.1	2347.47	4	9422	
39	40	1	3	3	3	8902	53304050	10012	53513233	0.00198905	0.00125554	0	0.00408214	5344.91	4488.07	7	9422	
39	40	4	4	1	3	75415	98456432	97185	106449190	0.000820301	0.000693533	0	0.00383214	1095.33	2108.51	5	9422	
39	40	3	5	1	3	48112	72848871	63767	76221634	0.000870483	0.000798148	0	0.00408214	1195.31	2562.54	4	9422	
39	40	3	6	2	3	78018	104595669	83565	107915553	0.000998639	0.00062412	0	0.00383214	1291.4	2197.28	5	9422	
39	40	1	7	5	3	27671	63860044	31574	64705696	0.00118287	0.000980882	0	0.00408214	2049.33	3400.25	5	9422	
40	41	1	1	6	3	28119	60970641	32728	61471363	0.00114893	0.000979982	0	0.00408214	1878.25	3398.9	4	9422	
40	41	2	2	2	3	69674	86639600	79673	88836106	0.000940497	0.000692306	0	0.00408214	1115.01	2330.62	4	9422	
40	41	1	3	3	3	9045	54651396	10155	54860579	0.00200328	0.00125235	0	0.00408214	5402.32	4482.18	7	9422	
40	41	4	4	1	3	77728	100593719	99924	108667036	0.000821363	0.000691903	0	0.00383214	1087.5	2105.92	5	9422	
40	41	3	5	1	3	51480	75014549	67428	78432840	0.00087235	0.000785179	0	0.00408214	1163.21	2529.92	4	9422	
40	41	3	6	2	3	80125	106566787	86625	110006283	0.000988567	0.0006275	0	0.00383214	1269.91	2190.19	5	9422	
40	41	1	7	5	3	27903	65184801	31742	66023842	0.00119205	0.000986966	0	0.00408214	2080.02	3425.65	5	9422	
41	42	1	1	6	3	29122	62450367	33741	62942713	0.00115133	0.000975859	0	0.00408214	1865.47	3392.64	4	9422	
41	42	1	2	7	3	70011	88293916	79954	90484882	0.000944007	0.000696682	0	0.00408214	1131.71	2353.34	4	9422	
41	42	7	3	3	3	9188	55998742	10316	56209799	0.00201361	0.00125083	0	0.00408214	5448.8	4477.41	7	9422	
41	42	4	4	1	3	80430	103095513	103440	111510056	0.000819465	0.000689488	0	0.00383214	1078.02	2096.13	5	9422	
41	42	3	5	1	3	53718	77077985	69841	80529236	0.00087559	0.000779322	0	0.00408214	1153.04	2519.85	4	9422	
41	42	3	6	4	3	83065	110164242	89705	113654482	0.000986282	0.000624048	0	0.00383214	1266.98	2180.96	5	9422	
41	42	1	7	5	3	28139	66473725	31924	67307589	0.00120184	0.000993862	0	0.00408214	2108.37	3448.1	5	9422	
42	43	2	1	1	3	32534	65165501	37217	65671503	0.00113038	0.00094271	0	0.00408214	1764.56	3289.68	4	9422	
42	43	1	2	7	3	70918	90068395	81306	92332430	0.000941448	0.000700215	0	0.00408214	1135.62	2360.84	4	9422	
42	43	1	3	3	3	9331	57346087	10627	57675078	0.00199505	0.00126318	0	0.00408214	5427.22	4475.48	7	9422	
42	43	1	4	2	3	81124	105292301	104141	113718334	0.000822519	0.000692616	0	0.00383214	1091.97	2111.11	5	9422	
42	43	3	5	1	3	54054	78651611	70357	82119521	0.000877766	0.000783956	0	0.00408214	1167.18	2539.12	4	9422	
42	43	1	6	2	3	85474	112797756	92172	116307655	0.000986071	0.000622608	0	0.00383214	1261.85	2177.71	5	9422	
42	43	1	7	5	3	28379	67758824	32098	68577153	0.00121081	0.000999853	0	0.00408214	2136.49	3469.78	5	9422	
43	44	1	1	6	3	34622	66673251	39438	67200921	0.00112071	0.000927714	0	0.00408214	1703.96	3247.05	4	9422	
43	44	2	2	2	3	74213	92185006	84761	94474555	0.000940244	0.000693154	0	0.00408214	1114.6	2342.63	4	9422	
43	44	1	3	3	3	9474	58693433	10784	59023802	0.00200578	0.00126128	0	0.00408214	5473.28	4470.42	7	9422	
43	44	1	4	2	3	81748	106716538	105024	115174235	0.000823926	0.000695975	0	0.00383214	1096.65	2125.4	5	9422	
43	44	3	5	1	3	57327	81348546	73854	84843804	0.000878457	0.000772981	0	0.00408214	1148.8	2512.82	4	9422	
43	44	3	6	2	3	87971	115413716	94795	118962904	0.000984952	0.000620864	0	0.00383214	1254.95	2173.35	5	9422	
43	44	1	7	5	3	28624	69085958	32241	69893577	0.00121875	0.00100469	0	0.00408214	2167.85	3494.17	5	9422	
44	45	1	1	6	3	34862	68015464	39678	68542954	0.00112875	0.000933029	0	0.00408214	1727.48	3270.57	4	9422	
44	45	1	2	7	3	76948	94134590	87586	96435106	0.000940789	0.000688368	0	0.00408214	1101.03	2333.97	4	9422	
44	45	1	3	3	3	9617	60025531	10933	60347197	0.00201741	0.00125874	0	0.00408214	5519.73	4463.76	7	9422	
44	45	1	4	2	3	83784	109992865	108106	119147004	0.000819985	0.000695888	0	0.00383214	1102.13	2117.58	5	9422	
44	45	3	5	1	3	60958	84310216	77643	87849803	0.000880457	0.000761711	0	0.00408214	1131.46	2481.58	4	9422	
44	45	3	6	2	3	90125	118036359	97081	121663303	0.000985308	0.000619945	0	0.00383214	1253.21	2172.58	5	9422	
44	45	1	7	5	3	28868	70432583	32390	71239544	0.00122707	0.00100987	0	0.00408214	2199.43	3519.15	5	9422	
45	46	2	1	6	3	35543	70233481	40356	70766064	0.00113124	0.000934197	0	0.00433214	1753.55	3276.25	4	9422	
45	46	1	2	7	3	77197	95425559	87839	97726414	0.000945642	0.000694688	0	0.00408214	1112.56	2352.76	4	9422	
45	46	1	3	3	3	9769	61369226	11110	61693270	0.00202388	0.00125858	0	0.00408214	5552.95	4459.84	7	9422	
45	46	4	4	1	3	86339	113190213	111487	122613803	0.000818242	0.000694187	0	0.00383214	1099.8	2109.38	5	9422	
45	46	1	5	1	3	63666	86812749	80813	90442674	0.000878832	0.0007559	0	0.00408214	1119.16	2458.83	4	9422	
45	46	3	6	2	3	93050	120492075	100156	124168107	0.000983157	0.000617062	0	0.00383214	1239.75	2166.85	5	9422	
45	46	1	7	5	3	29048	71728970	32684	72547545	0.00123074	0.00101598	0	0.00408214	2219.67	3536.06	5	9422	
46	47	1	1	6	3	37138	71877898	42837	72526437	0.00110713	0.00092858	0	0.00433214	1693.08	3230.54	4	9422	
46	47	1	2	2	3	79824	98642168	90698	101006437	0.000944483	0.000690743	0	0.00408214	1113.66	2341.58	4	9422	
46	47	1	3	3	3	9982	62714605	11253	63040616	0.00203629	0.00125533	0	0.00408214	5602.12	4452.55	7	9422	
46	47	1	4	1	3	88905	115184711	114175	124625957	0.000821104	0.000691318	0	0.00383214	1091.53	2108.86	5	9422	
46	47	3	5	1	3	66785	90916482	84538	94962337	0.000876059	0.000748371	0	0.00408214	1123.31	2429.66	4	9422	
46	47	3	6	2	3	96125	123120296	103384	126843585	0.000981363	0.000613714	0	0.00383214	1226.92	2159.68	5	9422	
46	47	1	7	5	3	29191	73011248	32871	73833731	0.00123679	0.00102076	0	0.00408214	2246.17	3555.49	5	9422	
47	48	1	1	1	3	38515	73525768	44323	74183796	0.001106	0.000922788	0	0.00433214	1673.71	3213.92	4	9422	
47	48	2	2	2	3	81744	100352304	92700	102715385	0.000945536	0.000689516	0	0.00408214	1108.04	2341.48	4	9422	
47	48	1	3	3	3	10125	64061951	11396	64387962	0.00204838	0.00125203	0	0.00408214	5650.05	4444.91	7	9422	
47	48	4	4	1	3	91190	117016545	116764	126511530	0.000822656	0.000689763	0	0.00383214	1083.48	2108.41	5	9422	
47	48	3	5	1	3	69380	94249947	88101	98890842	0.000870062	0.000743791	0	0.00408214	1122.47	2403.48	4	9422	
47	48	3	6	2	3	99737	125758885	107137	129510103	0.000978572	0.000609071	0	0.00383214	1208.83	2147.78	5	9422	
47	48	1	7	5	3	29334	74358594	33033	75182908	0.00124371	0.00102525	0	0.00408214	2275.99	3578.3	5	9422	
48	49	1	1	6	3	39674	75253541	45628	75928519	0.00110415	0.000919297	0	0.00433214	1664.08	3203.46	4	9422	
48	49	2	2	2	3	83862	102132175	94876	104502612	0.000946746	0.000687372	0	0.00408214	1101.47	2339.85	4	9422	
48	49	1	3	3	3	10268	65409296	11539	65735307	0.00206017	0.0012487	0	0.00408214	5696.79	4436.95	7	9422	
48	49	4	4	1	3	94019	121031689	119636	130526524	0.000825863	0.000686303	0	0.00383214	1091.03	2107.07	5	9422	
48	49	3	5	1	3	72724	99055597	91949	104049850	0.000869089	0.000736401	0	0.00408214	1131.6	2374.74	4	9422	
48	49	3	6	2	3	102763	128576288	110255	132362302	0.000976422	0.000606144	0	0.00383214	1200.51	2140.99	5	9422	
48	49	1	7	2	3	29477	75698448	33218	76526953	0.0012497	0.0010298	0	0.00408214	2303.78	3599.4	5	9422	
49	50	1	1	6	3	39910	76610140	45993	77295976	0.00110683	0.000923715	0	0.00433214	1680.6	3221.61	4	9422	
49	50	1	2	7	3	85436	104415520	96554	106806031	0.000948346	0.000687763	0	0.00408214	1106.18	2343.74	4	9422	
49	50	1	3	3	3	10411	66756642	11682	67082653	0.00207168	0.00124533	0	0.00408214	5742.39	4428.69	7	9422	
49	50	1	4	2	3	94364	122761876	119984	132256941	0.000828333	0.000689965	0	0.00383214	1102.29	2123.86	5	9422	
49	50	1	5	1	3	73439	101053822	92602	106062711	0.000872224	0.00073886	0	0.00408214	1145.36	2387.3	4	9422	
49	50	1	6	2	3	104227	131223447	111845	135156959	0.000978027	0.000607534	0	0.00383214	1208.43	2146.78	5	9422	
49	50	1	7	5	3	29620	76979981	33430	77807450	0.00125451	0.00103442	0	0.00408214	2327.47	3616.18	5	9422	
50	51	1	1	6	3	40121	77927660	46217	78623557	0.00111263	0.000928765	0	0.00433214	1701.18	3242.09	4	9422	
50	51	2	2	2	3	87503	106311325	98679	108709803	0.000950514	0.000686411	0	0.00408214	1101.65	2340.96	4	9422	
50	51	1	3	3	3	10554	68097848	12087	68452077	0.00203776	0.00126529	0	0.00408214	5663.28	4449.4	7	9422	
50	51	1	4	2	3	94980	125086874	120762	134691571	0.000830076	0.000692639	0	0.00383214	1115.35	2136.87	5	9422	
50	51	1	5	1	3	73685	102355033	92746	107356044	0.000875517	0.000743002	0	0.00408214	1157.53	2405.77	4	9422	
50	51	3	6	2	3	105417	133859631	113174	137949311	0.000980276	0.000609485	0	0.00383214	1218.91	2153.62	5	9422	
50	51	1	7	5	3	30008	78637312	33912	79472224	0.00125563	0.00103626	0	0.00408214	2343.48	3622.05	5	9422	
51	52	2	1	1	3	41096	79417311	47266	80117418	0.00111318	0.000926227	0	0.00433214	1695.03	3239.49	4	9422	
51	52	1	2	7	3	89971	108237176	101294	110655158	0.000951178	0.000684173	0	0.00408214	1092.42	2335.5	4	9422	
51	52	1	3	3	3	10697	69445194	12345	69803404	0.00202968	0.00127165	0	0.00408214	5654.39	4453.66	7	9422	
51	52	1	4	1	3	96830	127412177	122785	137065944	0.000832357	0.000692172	0	0.00383214	1116.31	2137.64	5	9422	
51	52	1	5	1	3	73909	103608534	92915	108604953	0.000878722	0.000747334	0	0.00408214	1168.86	2422.46	4	9422	
51	52	3	6	2	3	107182	136486164	114999	140627129	0.000981217	0.000610144	0	0.00383214	1222.86	2156.06	5	9422	
51	52	7	7	2	3	30150	79956936	34746	81025291	0.00123784	0.00104481	0	0.00408214	2331.93	3617.65	5	9422	
52	53	1	1	6	3	42634	80966635	49016	81685073	0.00110861	0.000919038	0	0.00433214	1666.5	3220.27	4	9422	
52	53	2	2	2	3	93158	111724677	104883	114290591	0.000948945	0.000680309	0	0.00408214	1089.7	2317.13	4	9422	
52	53	1	3	3	3	11191	71095894	12850	71454006	0.0020069	0.00126797	0	0.00408214	5560.62	4456.58	7	9422	
52	53	4	4	1	3	98653	130094667	126378	140547777	0.00082353	0.000693334	0	0.00383214	1112.12	2126.54	5	9422	
52	53	1	5	1	3	74058	104935329	93147	109937949	0.000881242	0.000751497	0	0.00408214	1180.26	2440.5	4	9422	
52	53	3	6	2	3	109592	138716632	117527	142885378	0.000980943	0.000609485	0	0.00383214	1215.77	2155.02	5	9422	
52	53	7	7	2	3	30317	81299189	35307	82486918	0.00123102	0.00105078	0	0.00408214	2336.28	3621.17	5	9422	
53	54	1	1	6	3	44219	82663427	51461	83466955	0.00109089	0.000914344	0	0.00433214	1621.95	3184.52	4	9422	
53	54	1	2	2	3	96326	114210348	108222	116793035	0.000948224	0.000675583	0	0.00408214	1079.2	2303.54	4	9422	
53	54	1	3	3	3	11430	72461346	13098	72828437	0.00200884	0.00126492	0	0.00408214	5560.27	4457.98	7	9422	
53	54	4	4	1	3	101279	133871736	129454	144567619	0.000824076	0.000691077	0	0.00383214	1116.75	2119.12	5	9422	
53	54	1	5	1	3	74230	106236948	93307	111228850	0.000884353	0.000755514	0	0.00408214	1192.07	2458.11	4	9422	
53	54	3	6	2	3	111215	141732621	119244	146013770	0.000981967	0.000610389	0	0.00383214	1224.5	2157.4	5	9422	
53	54	1	7	5	3	30531	82767671	35605	83971813	0.00123474	0.00105414	0	0.00408214	2358.43	3635.18	5	9422	
54	55	1	1	6	3	45257	84305698	52909	85197440	0.00108506	0.000913269	0	0.00433214	1610.26	3172.63	4	9422	
54	55	2	2	2	3	98729	117351129	110779	119950994	0.000947726	0.000673409	0	0.00408214	1082.8	2299.28	4	9422	
54	55	1	3	3	3	11573	73808692	13557	74342366	0.00197247	0.00128411	0	0.00408214	5483.69	4465.97	7	9422	
54	55	4	4	1	3	103197	137963100	132955	150393058	0.000817375	0.000691813	0	0.00383214	1131.16	2109.08	5	9422	
54	55	1	5	1	3	74452	107570884	93460	112557484	0.000887496	0.000759467	0	0.00408214	1204.34	2476.46	4	9422	
54	55	3	6	2	3	112567	144372102	120682	148755245	0.000983214	0.000611702	0	0.00383214	1232.62	2162.27	5	9422	
54	55	1	7	5	3	30674	84115017	35834	85328052	0.00123882	0.00105839	0	0.00408214	2381.2	3652.51	5	9422	
55	56	1	1	6	3	45906	85791588	53877	86713445	0.00108238	0.000914813	0	0.00433214	1609.47	3173.25	4	9422	
55	56	1	2	7	3	99318	118740392	111401	121343429	0.000950622	0.000676911	0	0.00408214	1089.25	2312.35	4	9422	
55	56	1	3	3	3	11716	75135904	13700	75669578	0.0019832	0.00128165	0	0.00408214	5523.33	4459.92	7	9422	
55	56	4	4	1	3	106136	142072587	136506	154856835	0.000817006	0.000689047	0	0.00383214	1134.43	2101.42	5	9422	
55	56	1	5	1	3	74610	108885402	94315	114049571	0.000883999	0.00076437	0	0.00408214	1209.24	2486.87	4	9422	
55	56	3	6	2	3	114234	146972819	122399	151400460	0.000983749	0.000612392	0	0.00383214	1236.94	2165.68	5	9422	
55	56	1	7	2	3	31756	85732893	37037	86961793	0.00123338	0.00105139	0	0.00408214	2347.97	3636.73	5	9422	
56	57	2	1	1	3	47077	87803884	55124	88731740	0.00108268	0.000912061	0	0.00433214	1609.68	3165.79	4	9422	
56	57	2	2	2	3	99890	120569697	111967	123177093	0.000953636	0.000680787	0	0.00408214	1100.12	2325.75	4	9422	
56	57	1	3	3	3	11859	76483250	13843	77016924	0.0019937	0.00127916	0	0.00408214	5563.6	4454.3	7	9422	
56	57	4	4	1	3	109951	149116166	140459	162014826	0.000819377	0.000683654	0	0.00383214	1153.47	2091.3	5	9422	
56	57	1	5	1	3	75128	110540336	94964	115719991	0.000886029	0.000767153	0	0.00408214	1218.57	2497.9	4	9422	
56	57	1	6	2	3	116320	149616248	124577	154109355	0.000984568	0.000612519	0	0.00383214	1237.06	2165.51	5	9422	
56	57	7	7	2	3	32751	87274880	38042	88495394	0.00123371	0.00104527	0	0.00408214	2326.26	3628.37	5	9422	
57	58	2	1	1	3	49566	90263651	58164	91318851	0.00106985	0.000900954	0	0.00433214	1570.02	3118.48	4	9422	
57	58	2	2	2	3	101062	122021028	113901	124710959	0.00094933	0.000683506	0	0.00408214	1094.91	2327.51	4	9422	
57	58	1	3	3	3	12002	77802622	13986	78336296	0.00200399	0.00127662	0	0.00408214	5601.05	4447.34	7	9422	
57	58	4	4	1	3	111793	152283614	142770	165683798	0.000819303	0.00068359	0	0.00383214	1160.49	2091.81	5	9422	
57	58	3	5	1	3	78373	113218821	98415	118433454	0.000888015	0.000760062	0	0.00408214	1203.41	2478.73	4	9422	
57	58	3	6	2	3	118376	152219437	126774	156787261	0.000984703	0.000612275	0	0.00383214	1236.75	2166.3	5	9422	
57	58	7	7	2	3	36145	90019257	41605	91284000	0.00120981	0.00101444	0	0.00408214	2194.06	3534.69	5	9422	
58	59	2	1	1	3	51628	92079276	60389	93152724	0.00106634	0.000892253	0	0.00433214	1542.54	3093.17	4	9422	
58	59	2	2	2	3	102858	123669561	115785	126368067	0.000950019	0.000682793	0	0.00408214	1091.4	2329.65	4	9422	
58	59	1	3	3	3	12145	79114929	14128	79639420	0.002014	0.00127407	0	0.00408214	5636.99	4439.84	7	9422	
58	59	1	4	1	3	113585	154920365	144659	168416327	0.000822372	0.000683675	0	0.00383214	1164.23	2095.01	5	9422	
58	59	3	5	1	3	81634	115662545	102114	120972007	0.000887532	0.000753377	0	0.00408214	1184.68	2458.33	4	9422	
58	59	3	6	2	3	120460	154885288	129053	159574463	0.000985484	0.000612197	0	0.00383214	1236.5	2166.46	5	9422	
58	59	7	7	2	3	37281	91624740	42729	92899954	0.00120915	0.00100939	0	0.00408214	2174.17	3524.87	5	9422	
59	60	2	1	1	3	52613	93492698	61461	94575589	0.00106686	0.000890845	0	0.00433214	1538.79	3090.41	4	9422	
59	60	2	2	2	3	103346	124917506	116264	127614344	0.000952498	0.000685826	0	0.00408214	1097.63	2341.65	4	9422	
59	60	1	3	3	3	12276	80299740	14262	80836145	0.00202284	0.0012718	0	0.00408214	5667.94	4432.48	7	9422	
59	60	1	4	2	3	115556	157325126	146719	170866256	0.000824812	0.000682915	0	0.00383214	1164.58	2095.17	5	9422	
59	60	3	5	1	3	84384	118412802	105108	123789736	0.000888377	0.000748398	0	0.00408214	1177.74	2444.79	4	9422	
59	60	3	6	2	3	122189	157295351	131007	162176167	0.000986898	0.000612895	0	0.00383214	1237.92	2166.57	5	9422	
59	60	7	7	2	3	37515	92816427	42872	94082250	0.00121505	0.00101297	0	0.00408214	2194.49	3539.44	5	9422	
