% start	end	CellId	IMSI	RNTI	LCID	nTxPDUs	TxBytes	nRxPDUs	RxBytes	delay	stdDev	min	max	PduSize	stdDev	min	max
0	1	7	1	1	3	2210	2032126	2891	2230018	0.000784482	0.000646436	0	0.00358214	771.366	1787.83	5	9422	
0	1	1	2	3	3	2194	2134691	2297	2150363	0.000957128	0.000562218	0	0.003	936.162	2038.78	9	9422	
0	1	2	3	1	3	2666	2280142	2737	2314067	0.000953757	0.000507868	0	0.003	845.476	1854.66	5	9422	
0	1	1	4	1	3	638	1523500	620	1518068	0.00134246	0.000910704	0	0.003	2448.5	3458.19	9	9422	
0	1	1	5	6	3	942	1692469	1134	1721434	0.00103424	0.000836906	0	0.003	1518.02	2845.29	17	9422	
0	1	5	6	2	3	2385	2074208	2613	2114043	0.000932899	0.000587321	0	0.003	809.048	1870.41	5	9422	
0	1	1	7	5	3	263	1192195	235	1180856	0.0022748	0.000991583	0	0.00383214	5024.92	4624.55	13	9422	
1	2	7	1	1	3	4890	4956004	6360	5415832	0.000770834	0.000627338	0	0.00358214	851.546	1745.18	5	9422	
1	2	1	2	3	3	3916	4841401	5362	5411440	0.000764817	0.000678922	0	0.00383214	1009.22	1941.73	5	9422	
1	2	2	3	1	3	3681	3891146	3758	3931166	0.00101766	0.000608811	0	0.003	1046.08	2283.59	5	9422	
1	2	8	4	1	3	1070	2960860	1264	2990431	0.00126854	0.00106921	0	0.00383214	2365.85	3519.41	9	9422	
1	2	1	5	6	3	1104	2942312	1390	2986543	0.00117888	0.00102022	0	0.00383214	2148.59	3456.87	13	9422	
1	2	1	6	2	3	2641	3529587	3231	3674248	0.000922757	0.000763764	0	0.00383214	1137.19	2430.9	5	9422	
1	2	1	7	5	3	487	2546588	441	2532357	0.00234269	0.00105919	0	0.00408214	5742.31	4545.63	4	9422	
2	3	7	1	1	3	5664	6810845	7937	7475349	0.00074506	0.000693183	0	0.00383214	941.836	1923.39	5	9422	
2	3	3	2	3	3	5441	7515510	8425	8990545	0.000684323	0.000699577	0	0.00383214	1067.13	1929.73	5	9422	
2	3	2	3	1	3	5573	7565356	5700	7633037	0.00101388	0.000611858	0	0.003	1339.13	2320.09	5	9422	
2	3	1	4	4	3	1856	4327383	2133	4358806	0.0012323	0.00101079	0	0.00383214	2043.51	3458.21	5	9422	
2	3	8	5	2	3	1698	4370881	3100	4581995	0.000815946	0.00101058	0	0.00383214	1478.06	3017.89	5	9422	
2	3	1	6	2	3	2863	4803456	3391	4941607	0.00101138	0.000863401	0	0.00383214	1457.27	2847.33	5	9422	
2	3	1	7	5	3	900	3904132	901	3901952	0.00190857	0.00115397	0	0.00408214	4330.69	4646.57	4	9422	
3	4	1	1	1	3	7586	9250143	11337	10322977	0.000696521	0.000692404	0	0.00383214	910.556	1890.83	5	9422	
3	4	1	2	3	3	7266	10163168	10778	12092753	0.00072793	0.000706763	0	0.00383214	1121.98	1958.69	5	9422	
3	4	2	3	7	3	7786	9999489	8077	10121922	0.00099437	0.000608266	0	0.003	1253.18	2257.87	5	9422	
3	4	1	4	1	3	2103	5655822	2282	5691773	0.00134316	0.00106726	0	0.00383214	2494.2	3783.82	5	9422	
3	4	8	5	2	3	5308	8183440	6790	8421640	0.000896456	0.000777943	0	0.00383214	1240.3	2420.31	5	9422	
3	4	1	6	2	3	3108	6063480	3533	6181499	0.00109131	0.000931714	0	0.00383214	1749.65	3144.23	5	9422	
3	4	1	7	5	3	1095	5254029	1107	5251752	0.00197032	0.00117451	0	0.00408214	4744.13	4668.92	4	9422	
4	5	7	1	1	3	9920	11218116	13761	12297775	0.000747458	0.000682971	0	0.00383214	893.669	1929.29	5	9422	
4	5	3	2	3	3	10097	12405184	14288	14510663	0.000746617	0.000683666	0	0.00383214	1015.58	1921.74	5	9422	
4	5	1	3	7	3	9990	12106624	11036	12550210	0.0009337	0.000631829	0	0.003	1137.21	2177.9	5	9422	
4	5	1	4	4	3	2598	7116112	2711	7154510	0.00137727	0.00106641	0	0.00383214	2639.07	3835.88	5	9422	
4	5	8	5	2	3	9054	12301360	10585	12553197	0.000912047	0.000682131	0	0.00383214	1185.94	2206.6	5	9422	
4	5	1	6	2	3	3353	7373050	3676	7480359	0.00116556	0.000985169	0	0.00383214	2034.92	3397.63	5	9422	
4	5	1	7	5	3	1331	6575805	1264	6569582	0.00207059	0.00116072	0	0.00408214	5197.45	4632.37	4	9422	
5	6	7	1	1	3	11795	13401927	15679	14484370	0.000783055	0.000682807	0	0.00383214	923.807	1987.6	5	9422	
5	6	1	2	3	3	10811	13851143	15280	16011912	0.000760735	0.000708369	0	0.00383214	1047.9	2025.86	5	9422	
5	6	1	3	7	3	10382	13440440	11416	13876539	0.000964194	0.000671165	0	0.00383214	1215.53	2323.92	5	9422	
5	6	1	4	4	3	2780	8420973	2860	8457721	0.00145984	0.00109801	0	0.00383214	2957.25	4000.24	5	9422	
5	6	1	5	6	3	11839	15116019	13445	15382591	0.000927414	0.000655363	0	0.00383214	1144.11	2162.11	5	9422	
5	6	1	6	2	3	3597	8719383	3819	8825404	0.00123425	0.00102739	0	0.00383214	2310.92	3615.38	5	9422	
5	6	1	7	5	3	1502	7859433	1426	7852698	0.0021362	0.00115483	0	0.00408214	5506.8	4560.59	4	9422	
6	7	7	1	1	3	12886	14951631	16840	16050477	0.000804398	0.000696269	0	0.00383214	953.116	2078.8	5	9422	
6	7	3	2	1	3	12719	17141735	17217	19303016	0.000791599	0.0007042	0	0.00408214	1121.16	2073.65	5	9422	
6	7	1	3	7	3	10612	14773483	11632	15206153	0.000996666	0.00071618	0	0.00383214	1307.27	2469.5	5	9422	
6	7	1	4	4	3	2930	9755713	3385	9841802	0.00136198	0.00116117	0	0.00383214	2907.47	4018.6	4	9422	
6	7	8	5	2	3	13892	17739503	15590	18005566	0.000937879	0.000650822	0	0.00383214	1154.94	2177.68	5	9422	
6	7	1	6	2	3	3842	10039304	3962	10134615	0.00129798	0.00106109	0	0.00383214	2557.95	3776.78	5	9422	
6	7	1	7	5	3	1645	9179296	1569	9172561	0.00221493	0.00112865	0	0.00408214	5846.12	4482.64	4	9422	
7	8	7	1	1	3	13090	16284952	17065	17385688	0.00082305	0.00072535	0	0.00383214	1018.79	2201.65	5	9422	
7	8	3	2	1	3	15524	20741850	20092	22970791	0.000821419	0.000686121	0	0.00408214	1143.28	2058.16	5	9422	
7	8	2	3	1	3	11440	16218631	12583	16673155	0.0010064	0.00073406	0	0.00383214	1325.05	2535.22	5	9422	
7	8	1	4	4	3	3167	11102869	3572	11184413	0.00144094	0.00118918	0	0.00408214	3131.13	4126.32	4	9422	
7	8	1	5	6	3	15030	19834170	16724	20116285	0.000950791	0.000662304	0	0.00383214	1202.84	2229.58	5	9422	
7	8	1	6	2	3	3995	11361551	4105	11455812	0.00135727	0.00108817	0	0.00383214	2790.7	3909.82	5	9422	
7	8	1	7	5	3	1788	10522673	1719	10510920	0.00226947	0.00111061	0	0.00408214	6114.55	4413.69	4	9422	
8	9	7	1	1	3	16250	19733545	20612	20966418	0.000829278	0.00069692	0	0.00383214	1017.19	2127	5	9422	
8	9	1	2	1	3	16898	23374741	21587	25754868	0.000843564	0.000692957	0	0.00408214	1193.07	2092.02	5	9422	
8	9	2	3	1	3	13771	19239049	15935	20110336	0.000945536	0.000728694	0	0.00383214	1262.02	2401.19	5	9422	
8	9	8	4	1	3	3652	12904878	4071	12984039	0.00146159	0.00117481	0	0.00408214	3189.4	4063.9	4	9422	
8	9	1	5	6	3	16061	21837650	18047	22170997	0.000949742	0.000677725	0	0.00383214	1228.51	2271.05	5	9422	
8	9	1	6	2	3	4138	12647763	4248	12742024	0.00141257	0.00110997	0	0.00383214	2999.53	4007.49	5	9422	
8	9	1	7	5	3	1931	11853812	1931	11841625	0.00224247	0.00114931	0	0.00408214	6132.38	4409.07	4	9422	
9	10	7	1	1	3	18128	22695175	24122	24876792	0.000789874	0.000701227	0	0.00383214	1031.29	2074.75	5	9422	
9	10	1	2	3	3	18162	25884951	22985	28403470	0.000862769	0.000699953	0	0.00408214	1235.74	2124.98	5	9422	
9	10	2	3	1	3	15744	21947783	19398	23676663	0.000883126	0.000733356	0	0.00383214	1220.57	2301.75	5	9422	
9	10	1	4	4	3	3891	14233634	4241	14305835	0.00151152	0.00118772	0	0.00408214	3373.22	4138.82	4	9422	
9	10	1	5	6	3	17583	23515226	19603	23852555	0.00096431	0.000682923	0	0.00383214	1216.78	2303.46	5	9422	
9	10	1	6	2	3	4281	13938946	4391	14033207	0.00146427	0.00112753	0	0.00383214	3195.9	4087.83	5	9422	
9	10	1	7	5	3	2073	13191736	2074	13188971	0.00229471	0.00112545	0	0.00408214	6359.2	4335.2	4	9422	
10	11	1	1	1	3	20649	24737242	27453	27115063	0.000786239	0.000692901	0	0.00383214	987.69	2042.83	5	9422	
10	11	3	2	1	3	18977	27936390	23816	30450060	0.000876525	0.000713015	0	0.00408214	1278.55	2180.37	5	9422	
10	11	2	3	7	3	16537	23691684	21665	26010598	0.000836721	0.000750582	0	0.00383214	1200.58	2285.63	5	9422	
10	11	1	4	4	3	4049	15539668	4398	15621006	0.00155567	0.00119891	0	0.00408214	3551.84	4201.24	4	9422	
10	11	8	5	2	3	21132	27239703	23218	27596468	0.00096657	0.000658735	0	0.00383214	1188.58	2227.16	5	9422	
10	11	1	6	2	3	4424	15269124	4533	15353963	0.00151237	0.00114152	0	0.00383214	3387.15	4162.9	5	9422	
10	11	1	7	5	3	2216	14510672	2217	14507907	0.0023402	0.00110224	0	0.00408214	6543.94	4257.05	4	9422	
11	12	1	1	1	3	21819	26445810	29286	28952241	0.000783331	0.000700255	0	0.00383214	988.603	2064.65	5	9422	
11	12	1	2	3	3	20780	31139142	25817	33921914	0.00088292	0.000709565	0	0.00408214	1313.94	2176.63	5	9422	
11	12	1	3	1	3	18653	26352244	24831	29092747	0.000819983	0.000744003	0	0.00383214	1171.63	2245.77	5	9422	
11	12	1	4	4	3	4192	16834441	4872	17081900	0.00149237	0.00123256	0	0.00408214	3506.14	4182.5	4	9422	
11	12	8	5	2	3	23010	29823868	25231	30197242	0.000968705	0.000657842	0	0.00383214	1196.83	2239.63	5	9422	
11	12	1	6	2	3	4567	16602044	4676	16686883	0.00155787	0.00115275	0	0.00383214	3568.62	4225.15	5	9422	
11	12	1	7	5	3	2362	15833361	2360	15830446	0.00238018	0.00107985	0	0.00408214	6707.82	4178.22	4	9422	
12	13	1	1	1	3	21962	27728696	29460	30238160	0.000793266	0.000715443	0	0.00383214	1026.41	2133.33	5	9422	
12	13	3	2	1	3	22964	33875904	28646	36879914	0.000875208	0.000705826	0	0.00408214	1287.44	2154.92	5	9422	
12	13	2	3	7	3	20669	28920878	28154	32240521	0.000799729	0.00074029	0	0.00383214	1145.15	2200.35	5	9422	
12	13	1	4	4	3	4372	18148008	5411	18488789	0.00142739	0.00125599	0	0.00408214	3416.89	4163.04	4	9422	
12	13	1	5	6	3	24086	31600066	26362	31986317	0.000975747	0.000664888	0	0.00383214	1213.35	2279.42	5	9422	
12	13	1	6	2	3	4709	17910762	4842	18007438	0.00159306	0.00116404	0	0.00383214	3719.01	4270.51	5	9422	
12	13	1	7	5	3	2505	17134756	2504	17131946	0.00241462	0.00105925	0	0.00408214	6841.83	4103.89	4	9422	
13	14	1	1	1	3	22104	29033902	29603	31552788	0.000803926	0.000729929	0	0.00383214	1065.86	2202.72	5	9422	
13	14	3	2	1	3	24661	35840565	30389	38853622	0.000883812	0.000703883	0	0.00408214	1278.54	2170.43	5	9422	
13	14	2	3	7	3	22711	31426469	31317	35223387	0.000785214	0.000734362	0	0.00383214	1124.74	2170.36	5	9422	
13	14	8	4	1	3	5130	19899146	6346	20294080	0.00137719	0.00122623	0	0.00408214	3197.93	4066.95	4	9422	
13	14	1	5	6	3	24284	32951790	26525	33326226	0.000986351	0.000680328	0	0.00383214	1256.41	2350.26	5	9422	
13	14	1	6	2	3	4852	19212184	4997	19310072	0.0016295	0.00117234	0	0.00383214	3864.33	4305.13	5	9422	
13	14	1	7	5	3	2648	18454492	2656	18452337	0.00243796	0.00104664	0	0.00408214	6947.42	4044.33	4	9422	
14	15	1	1	1	3	22536	30919944	30152	33484461	0.000810996	0.000742345	0	0.00383214	1110.52	2258.42	5	9422	
14	15	3	2	1	3	27569	38820474	33998	42057526	0.000875006	0.000694215	0	0.00408214	1237.06	2135.62	5	9422	
14	15	2	3	1	3	24098	34383142	32903	38223037	0.00079447	0.000735621	0	0.00383214	1161.69	2196.69	5	9422	
14	15	1	4	1	3	8317	23408717	9670	23862905	0.00123973	0.00106026	0	0.00408214	2467.73	3605.19	4	9422	
14	15	1	5	6	3	24473	34294251	26704	34668807	0.000996412	0.00069477	0	0.00383214	1298.26	2416.71	5	9422	
14	15	1	6	2	3	4995	20548105	5140	20645993	0.00166762	0.00117769	0	0.00383214	4016.73	4340.01	5	9422	
14	15	1	7	5	3	2791	19727201	2880	19720690	0.00239626	0.00109241	0	0.00408214	6847.46	4085.09	4	9422	
15	16	1	1	1	3	22732	32237650	30343	34801264	0.000823247	0.000759606	0	0.00408214	1146.93	2319.22	5	9422	
15	16	1	2	1	3	30115	41133210	37459	44645709	0.000860707	0.000688557	0	0.00408214	1191.86	2108.16	5	9422	
15	16	2	3	1	3	25248	37264452	34160	41134655	0.000804125	0.000739008	0	0.00383214	1204.18	2221.41	5	9422	
15	16	8	4	1	3	11028	27532781	13157	28224963	0.00112588	0.00098559	0	0.00408214	2145.24	3262.66	4	9422	
15	16	1	5	6	3	24953	35955251	27220	36343912	0.00100316	0.000705255	0	0.00383214	1335.19	2460.82	5	9422	
15	16	1	6	2	3	5138	21895451	5290	21994074	0.00170143	0.00118243	0	0.00383214	4157.67	4369.41	5	9422	
15	16	1	7	5	3	2934	21048928	3044	21041442	0.00240809	0.00108888	0	0.00408214	6912.43	4049.68	4	9422	
16	17	7	1	1	3	24576	35205273	32977	38198580	0.000815536	0.000754456	0	0.00408214	1158.34	2299.15	5	9422	
16	17	3	2	1	3	31950	44369106	39534	48034999	0.00086619	0.000688315	0	0.00408214	1215.03	2117.34	5	9422	
16	17	2	3	1	3	28289	40698952	37698	44813439	0.000806427	0.000723805	0	0.00383214	1188.75	2178.05	5	9422	
16	17	8	4	1	3	13348	29827531	15870	30615262	0.00109109	0.000940527	0	0.00408214	1929.13	3120.36	4	9422	
16	17	8	5	2	3	25180	37264027	27591	37718120	0.00100781	0.000720806	0	0.00383214	1367.04	2508.99	5	9422	
16	17	1	6	2	3	5281	23231399	5433	23330022	0.00173561	0.00118514	0	0.00383214	4294.13	4391.32	5	9422	
16	17	1	7	5	3	3076	22304737	3204	22307286	0.00242173	0.0010829	0	0.00408214	6962.32	4009.34	4	9422	
17	18	1	1	1	3	27045	37230912	35960	40330794	0.000817124	0.000744366	0	0.00408214	1121.55	2272.62	5	9422	
17	18	3	2	1	3	34757	46804199	42465	50523891	0.000873785	0.000680066	0	0.00408214	1189.78	2109.26	5	9422	
17	18	2	3	1	3	32007	44908762	41544	49062154	0.000816697	0.000704815	0	0.00383214	1180.97	2140.39	5	9422	
17	18	1	4	4	3	14971	31329865	17659	32141594	0.0010837	0.00091643	0	0.00408214	1820.13	3078.54	4	9422	
17	18	8	5	6	3	27444	39529398	30722	40155355	0.000984851	0.000718872	0	0.00383214	1307.06	2455.77	5	9422	
17	18	1	6	2	3	5424	24518763	5575	24607964	0.00176782	0.00118679	0	0.00383214	4413.98	4401.52	5	9422	
17	18	1	7	5	3	3219	23628397	3366	23631496	0.00243263	0.00107862	0	0.00408214	7020.65	3976.41	4	9422	
18	19	1	1	1	3	27514	38637883	36847	41815424	0.000816802	0.000755463	0	0.00408214	1134.84	2306.93	5	9422	
18	19	1	2	3	3	36266	48630802	44030	52370925	0.000881311	0.000682022	0	0.00408214	1189.44	2128.09	5	9422	
18	19	1	3	1	3	33708	47483400	43460	51690872	0.000822094	0.000703897	0	0.00383214	1189.39	2151.12	5	9422	
18	19	1	4	1	3	15552	32675912	18259	33489001	0.00109521	0.000921425	0	0.00408214	1834.11	3108.95	4	9422	
18	19	8	5	2	3	29579	41352527	33168	42028026	0.000982757	0.000714906	0	0.00383214	1267.13	2430.66	5	9422	
18	19	1	6	2	3	5567	25825180	5719	25917348	0.00179832	0.00118768	0	0.00383214	4531.8	4410.51	5	9422	
18	19	1	7	5	3	3362	24890585	3509	24893684	0.00245575	0.00106234	0	0.00408214	7094.24	3920.95	4	9422	
19	20	1	1	1	3	28130	40292968	37405	43458628	0.000826384	0.000763426	0	0.00408214	1161.84	2346.83	5	9422	
19	20	3	2	1	3	38673	52287627	47319	56384284	0.000872518	0.000681025	0	0.00408214	1191.58	2106.12	5	9422	
19	20	1	3	7	3	36433	50422613	47104	55021974	0.000815112	0.000697266	0	0.00383214	1168.1	2122.7	5	9422	
19	20	1	4	1	3	16564	34236762	19364	35056754	0.00109433	0.000914635	0	0.00408214	1810.41	3103.75	4	9422	
19	20	1	5	2	3	32753	44514831	36817	45344633	0.000971688	0.000702174	0	0.00383214	1231.62	2371.12	5	9422	
19	20	5	6	1	3	5709	27085826	5919	27190443	0.00181003	0.00119533	0	0.00383214	4593.76	4411.81	5	9422	
19	20	1	7	5	3	3505	26199754	3669	26203450	0.00246558	0.00105771	0	0.00408214	7141.85	3889.36	4	9422	
20	21	7	1	1	3	29178	43036169	38837	46395060	0.000826543	0.000766302	0	0.00408214	1194.61	2359.52	5	9422	
20	21	3	2	1	3	40681	54943577	49797	59290407	0.000871988	0.000681114	0	0.00408214	1190.64	2103.74	5	9422	
20	21	2	3	1	3	38836	53343719	50880	58568102	0.000800841	0.00069427	0	0.00383214	1151.1	2095.71	5	9422	
20	21	8	4	1	3	18153	35752027	21054	36581977	0.00108932	0.000896863	0	0.00408214	1737.53	3066.64	4	9422	
20	21	8	5	2	3	35361	46779478	40066	47785603	0.00096179	0.000697942	0	0.00383214	1192.67	2332.56	5	9422	
20	21	5	6	2	3	5852	28375363	6375	28512844	0.00174786	0.00123101	0	0.00383214	4472.6	4416.58	5	9422	
20	21	1	7	5	3	3648	27514420	3860	27519738	0.00245472	0.00107213	0	0.00408214	7129.47	3896.83	4	9422	
21	22	7	1	1	3	31556	46396693	42168	50292020	0.000817837	0.000757787	0	0.00408214	1192.66	2317.76	5	9422	
21	22	3	2	1	3	42800	57570733	51961	61953427	0.00087666	0.000678154	0	0.00408214	1192.31	2102.21	5	9422	
21	22	2	3	1	3	41745	55856628	54405	61263721	0.00080087	0.000687411	0	0.00383214	1126.07	2078.45	5	9422	
21	22	1	4	4	3	19036	37406569	21925	38240264	0.00109326	0.000895412	0	0.00408214	1744.14	3072.74	4	9422	
21	22	8	5	6	3	36043	48185163	41479	49290601	0.000954653	0.000710252	0	0.00408214	1188.33	2347.16	5	9422	
21	22	1	6	2	3	6980	30039540	7853	30213306	0.00158866	0.00121054	0	0.00383214	3847.36	4333.78	5	9422	
21	22	1	7	5	3	3791	28861263	4142	28863041	0.00239044	0.00113179	0	0.00408214	6968.38	4000.4	4	9422	
22	23	1	1	1	3	34511	49770982	45619	53794694	0.000818958	0.000744989	0	0.00408214	1179.22	2279.76	5	9422	
22	23	1	2	1	3	44220	60194127	53422	64602136	0.000881669	0.000679241	0	0.00408214	1209.28	2115.49	5	9422	
22	23	2	3	1	3	44806	58545119	58286	64174383	0.000797869	0.000680527	0	0.00383214	1101.03	2057.99	5	9422	
22	23	1	4	4	3	19272	38714652	22085	39531949	0.00110705	0.000907517	0	0.00408214	1789.99	3118.78	4	9422	
22	23	8	5	2	3	36389	49527018	41844	50645272	0.00096293	0.000720786	0	0.00408214	1210.34	2384.68	5	9422	
22	23	5	6	1	3	7352	31392577	8305	31574949	0.00158027	0.00121024	0	0.00383214	3801.92	4331.52	5	9422	
22	23	1	7	5	3	3968	30162857	4403	30171546	0.00235916	0.00115881	0	0.00408214	6852.5	4061	4	9422	
23	24	7	1	1	3	34918	51116928	46015	55139977	0.000827999	0.00075502	0	0.00408214	1198.3	2314.95	5	9422	
23	24	3	2	1	3	46612	62059384	55894	66481508	0.000886135	0.000675083	0	0.00408214	1189.42	2116.69	5	9422	
23	24	2	3	7	3	47924	62238884	62015	68126398	0.000798316	0.000673797	0	0.00383214	1098.55	2039.04	5	9422	
23	24	8	4	1	3	19675	40082888	22578	40910327	0.00111337	0.000915371	0	0.00408214	1811.96	3147.24	4	9422	
23	24	1	5	6	3	36633	50875146	41987	51983776	0.000969868	0.00072928	0	0.00408214	1238.09	2427.6	5	9422	
23	24	1	6	2	3	8310	32852807	9408	33052258	0.00151918	0.00118478	0	0.00383214	3513.21	4278.64	5	9422	
23	24	1	7	5	3	4487	31534990	4845	31540087	0.0022888	0.0011709	0	0.00408214	6509.82	4200.96	4	9422	
24	25	1	1	1	3	37042	53333455	48250	57375037	0.000836377	0.000750324	0	0.00408214	1189.12	2308.53	5	9422	
24	25	3	2	1	3	50043	65128225	59425	69574023	0.000888805	0.000665307	0	0.00408214	1170.79	2096.94	5	9422	
24	25	1	3	7	3	50195	65080137	65280	71487997	0.000793888	0.000673295	0	0.00383214	1095.1	2025.52	5	9422	
24	25	8	4	1	3	20009	41400811	23135	42257108	0.00111398	0.000925681	0	0.00433214	1826.54	3169.51	4	9422	
24	25	1	5	6	3	36869	52170039	42191	53275402	0.000977271	0.000738923	0	0.00408214	1262.72	2464.49	5	9422	
24	25	1	6	2	3	8559	34178491	9630	34365790	0.00154697	0.00118938	0	0.00383214	3568.62	4296.82	5	9422	
24	25	1	7	5	3	4779	32915184	5265	32959990	0.00220311	0.00121924	0	0.00408214	6260.21	4290.3	4	9422	
25	26	7	1	1	3	40046	55800309	51385	59860897	0.000844298	0.000739845	0	0.00408214	1164.95	2281.92	5	9422	
25	26	3	2	1	3	51648	66750709	61370	71273809	0.000889117	0.000666843	0	0.00408214	1161.38	2104.91	5	9422	
25	26	1	3	7	3	52556	67535664	68684	74392486	0.000789126	0.000672211	0	0.00383214	1083.11	2013.17	5	9422	
25	26	1	4	4	3	20229	42740228	23321	43594051	0.00112772	0.000937465	0	0.00433214	1869.3	3211.72	4	9422	
25	26	1	5	6	3	37328	53479450	42722	54590218	0.000982038	0.000745228	0	0.00408214	1277.8	2491.64	5	9422	
25	26	1	6	2	3	8803	35533674	9782	35711313	0.00156962	0.00119432	0	0.00383214	3650.72	4321.8	5	9422	
25	26	1	7	5	3	4922	34248936	5434	34296239	0.00221354	0.00121661	0	0.00408214	6311.42	4274.02	4	9422	
26	27	1	1	1	3	41295	57337294	52684	61401380	0.000850074	0.000740631	0	0.00408214	1165.47	2294.01	5	9422	
26	27	1	2	3	3	54139	69315968	64847	74149467	0.000880505	0.00066666	0	0.00408214	1143.45	2089.81	5	9422	
26	27	2	3	1	3	54563	69727346	72440	77062142	0.000776053	0.000673401	0	0.00383214	1063.81	1999.39	5	9422	
26	27	8	4	1	3	21267	44285793	24744	45202009	0.00111606	0.000936067	0	0.00433214	1826.79	3187.61	4	9422	
26	27	1	5	6	3	37471	54790705	42865	55901473	0.00098877	0.000753029	0	0.00408214	1304.13	2529.17	5	9422	
26	27	1	6	2	3	9044	36881829	9939	37060129	0.00159152	0.00119882	0	0.00383214	3728.76	4344.4	5	9422	
26	27	8	7	3	3	5065	35594498	5636	35645481	0.00221032	0.00122232	0	0.00408214	6324.61	4273.79	4	9422	
27	28	7	1	1	3	42808	59170796	54202	63244422	0.000856867	0.000740115	0	0.00408214	1166.83	2303.65	5	9422	
27	28	3	2	1	3	54849	71389972	66174	76559463	0.000877186	0.000673164	0	0.00408214	1156.94	2106.95	5	9422	
27	28	1	3	7	3	57166	72202475	76139	79917049	0.000771822	0.000670967	0	0.00383214	1049.62	1985.08	5	9422	
27	28	1	4	4	3	22397	45793005	25952	46717396	0.00111775	0.000930282	0	0.00433214	1800.15	3179.03	4	9422	
27	28	1	5	6	3	37614	56117899	43007	57219245	0.000995411	0.000760586	0	0.00408214	1330.46	2566.26	5	9422	
27	28	1	6	2	3	9279	38219211	10134	38393967	0.00161473	0.00120349	0	0.00383214	3788.63	4360.7	5	9422	
27	28	1	7	5	3	5245	36913987	6117	37014340	0.00211132	0.00128052	0	0.00408214	6051.06	4365.93	4	9422	
28	29	1	1	1	3	43258	60659684	54755	64749388	0.000861945	0.000746501	0	0.00408214	1182.53	2329.38	5	9422	
28	29	1	2	3	3	57279	74925949	69421	80362813	0.000871052	0.000672125	0	0.00408214	1157.62	2097.12	5	9422	
28	29	1	3	7	3	58617	73753388	77669	81486633	0.000777285	0.000672589	0	0.00383214	1049.15	2000.37	5	9422	
28	29	1	4	1	3	24360	47422606	27962	48352126	0.00111082	0.00091142	0	0.00433214	1729.21	3133.7	4	9422	
28	29	8	5	6	3	37804	57424541	43541	58570614	0.000993791	0.000770107	0	0.00408214	1345.18	2591.29	5	9422	
28	29	1	6	2	3	9524	39577267	10277	39741313	0.001634	0.00120605	0	0.00383214	3867.01	4380.25	5	9422	
28	29	1	7	5	3	5487	38194063	6274	38278874	0.00213333	0.0012722	0	0.00408214	6101.19	4344.93	4	9422	
29	30	7	1	1	3	45363	62695542	57635	66968447	0.000856434	0.000743186	0	0.00408214	1161.94	2314.04	5	9422	
29	30	1	2	1	3	57873	76304015	70094	81751484	0.000874901	0.000677512	0	0.00408214	1166.31	2120.33	5	9422	
29	30	1	3	1	3	60332	75560821	80071	83439584	0.000777201	0.000674138	0	0.00383214	1042.07	2002.77	5	9422	
29	30	8	4	1	3	25401	49181611	29088	50115620	0.00110983	0.000906901	0	0.00433214	1722.9	3128.14	4	9422	
29	30	1	5	6	3	40016	59492866	46159	60694378	0.000989971	0.000764586	0	0.00408214	1314.9	2565.15	5	9422	
29	30	1	6	2	3	9775	40938963	10479	41097864	0.00164686	0.00120783	0	0.00383214	3921.93	4394.58	5	9422	
29	30	1	7	5	3	5808	39494076	6551	39576302	0.00212735	0.00126658	0	0.00408214	6041.26	4362.97	4	9422	
30	31	7	1	1	3	46004	64152637	58253	68420716	0.000862929	0.000748744	0	0.00408214	1174.54	2335.57	5	9422	
30	31	1	2	3	3	58305	77616106	70526	83054532	0.000880071	0.000683142	0	0.00408214	1177.64	2143.9	5	9422	
30	31	1	3	7	3	60912	76920000	80682	84801451	0.00078189	0.000679037	0	0.00383214	1051.06	2025.04	5	9422	
30	31	1	4	4	3	27400	50800569	31257	51754298	0.00109939	0.000890782	0	0.00433214	1655.77	3082.71	4	9422	
30	31	8	5	2	3	41337	61119494	48041	62378863	0.00098245	0.000765706	0	0.00408214	1298.45	2559.77	5	9422	
30	31	1	6	2	3	9918	42256240	10633	42416296	0.00166336	0.00121033	0	0.00383214	3989.12	4407.55	5	9422	
30	31	1	7	5	3	5950	40832000	6757	40926306	0.00212599	0.00127029	0	0.00408214	6056.88	4362.61	4	9422	
31	32	1	1	1	3	48133	65994706	60621	70302931	0.000865728	0.000744725	0	0.00408214	1159.71	2328.31	5	9422	
31	32	1	2	3	3	58885	78919704	71108	84358370	0.000884758	0.000688542	0	0.00408214	1186.34	2164	5	9422	
31	32	2	3	1	3	61600	79319725	82046	87600951	0.000780256	0.000684658	0	0.00408214	1067.71	2040.94	5	9422	
31	32	8	4	1	3	28714	52247033	32638	53213947	0.00109776	0.00088423	0	0.00433214	1630.43	3073.92	4	9422	
31	32	1	5	2	3	43599	62930444	50719	64248869	0.000976317	0.000759859	0	0.00408214	1266.76	2539.24	5	9422	
31	32	1	6	2	3	10061	43577356	11079	43758926	0.00163485	0.00122635	0	0.00383214	3949.72	4406.57	5	9422	
31	32	1	7	5	3	6093	42158883	6921	42253902	0.00213759	0.00126679	0	0.00408214	6105.17	4348.6	4	9422	
32	33	1	1	1	3	48375	67339104	60821	71634760	0.000872104	0.000752723	0	0.00408214	1177.8	2358.08	5	9422	
32	33	3	2	1	3	59637	81283105	72212	87039880	0.000885485	0.000694809	0	0.00408214	1205.34	2177.99	5	9422	
32	33	1	3	7	3	62293	80768026	83129	89160233	0.000782153	0.000690171	0	0.00433214	1072.55	2058.46	5	9422	
32	33	1	4	4	3	30301	53779174	34226	54746595	0.00109721	0.000875303	0	0.00433214	1599.56	3054.08	4	9422	
32	33	1	5	6	3	44132	64586963	51178	65904035	0.000980782	0.000764818	0	0.00408214	1287.74	2563.14	5	9422	
32	33	1	6	2	3	10213	44864045	11222	45044752	0.00165224	0.00122809	0	0.00383214	4013.97	4416.03	5	9422	
32	33	1	7	5	3	6236	43480373	7067	43575485	0.00215414	0.00126028	0	0.00408214	6166.05	4328.72	4	9422	
33	34	1	1	1	3	48970	68849220	61394	73140494	0.000877939	0.000758078	0	0.00408214	1191.33	2377.87	5	9422	
33	34	3	2	1	3	61343	84881216	74874	91243553	0.000878185	0.000696392	0	0.00408214	1218.63	2172.85	5	9422	
33	34	2	3	7	3	64865	84447003	86566	93353382	0.000781895	0.000688534	0	0.00433214	1078.41	2047.89	5	9422	
33	34	1	4	4	3	30622	55120133	34563	56088628	0.00110477	0.000881321	0	0.00433214	1622.79	3080.38	4	9422	
33	34	1	5	6	3	44625	66329856	51650	67640935	0.000986328	0.000770345	0	0.00408214	1309.6	2585.38	5	9422	
33	34	1	6	2	3	10425	46199375	11694	46418421	0.00162788	0.00123911	0	0.00383214	3969.42	4409.12	5	9422	
33	34	1	7	5	3	6379	44777788	7210	44872900	0.00217091	0.00125328	0	0.00408214	6223.7	4306.63	4	9422	
34	35	1	1	1	3	49145	70155258	61620	74460659	0.00088206	0.000764378	0	0.00408214	1208.38	2405.06	5	9422	
34	35	3	2	1	3	63166	86740014	76880	93130418	0.000881335	0.0006962	0	0.00408214	1211.37	2177.7	5	9422	
34	35	1	3	7	3	66594	86721717	89065	96002520	0.000780737	0.000689282	0	0.00433214	1077.89	2048.47	5	9422	
34	35	1	4	4	3	30854	56400738	34736	57363294	0.00111361	0.000888889	0	0.00433214	1651.41	3108.97	4	9422	
34	35	1	5	6	3	44858	67641808	51832	68938224	0.00099232	0.000777362	0	0.00408214	1330.03	2613.53	5	9422	
34	35	1	6	2	3	10664	47543004	11847	47753020	0.00164597	0.00124133	0	0.00383214	4030.81	4421.34	5	9422	
34	35	1	7	5	3	6522	46091298	7353	46186410	0.00218704	0.0012463	0	0.00408214	6281.3	4285.62	4	9422	
35	36	1	1	1	3	49288	71460096	62145	75826390	0.000881511	0.000771	0	0.00408214	1220.15	2426.57	5	9422	
35	36	3	2	1	3	64700	88766054	79594	95504200	0.000871994	0.000698729	0	0.00408214	1199.89	2172.53	5	9422	
35	36	1	3	7	3	68429	88615369	90985	97914135	0.000786516	0.000689582	0	0.00433214	1076.16	2054.7	5	9422	
35	36	1	4	4	3	31324	57757490	35253	58721124	0.00111848	0.000892759	0	0.00433214	1665.71	3128.87	4	9422	
35	36	8	5	2	3	47260	70861906	54994	72297342	0.000978725	0.000771882	0	0.00408214	1314.64	2576.52	5	9422	
35	36	1	6	2	3	10897	48877136	12012	49079880	0.00166207	0.00124333	0	0.00383214	4085.9	4431.24	5	9422	
35	36	1	7	5	3	6665	47398024	7495	47483953	0.00220244	0.00123941	0	0.00408214	6335.42	4263.65	4	9422	
36	37	1	1	1	3	49431	72726483	62326	77096409	0.000885834	0.000776832	0	0.00408214	1236.99	2451.21	5	9422	
36	37	1	2	1	3	66717	91278673	82338	98193310	0.000868111	0.000698068	0	0.00408214	1192.56	2167.97	5	9422	
36	37	2	3	1	3	69856	91607211	93278	101085617	0.00078379	0.000691397	0	0.00433214	1083.7	2058.69	5	9422	
36	37	8	4	1	3	33402	59532855	38245	60621994	0.00108809	0.000882996	0	0.00433214	1585.1	3066.17	4	9422	
36	37	1	5	6	3	50407	73908721	58432	75404765	0.000972749	0.000759986	0	0.00408214	1290.47	2538.18	5	9422	
36	37	1	6	2	3	11135	50177461	12176	50372620	0.00167812	0.00124529	0	0.00383214	4137.04	4437.74	5	9422	
36	37	1	7	5	3	6808	48688393	7868	48787942	0.00215255	0.00127051	0	0.00408214	6200.81	4313.01	4	9422	
37	38	1	1	1	3	49946	74600508	62814	78963185	0.000891451	0.000782384	0	0.00408214	1257.1	2472.65	5	9422	
37	38	1	2	3	3	66987	92805523	82646	99721302	0.000871467	0.000703087	0	0.00408214	1206.61	2187.91	5	9422	
37	38	2	3	1	3	71968	94967310	95448	104459098	0.00078831	0.000689753	0	0.00433214	1094.41	2062.06	5	9422	
37	38	8	4	1	3	36242	61603584	41245	62720529	0.00107589	0.000862907	0	0.00433214	1520.68	3005.99	4	9422	
37	38	8	5	2	3	53720	75948095	62069	77478235	0.000967096	0.000748217	0	0.00408214	1248.26	2505.48	5	9422	
37	38	1	6	2	3	11380	51480587	12319	51665036	0.00169346	0.00124611	0	0.00383214	4193.93	4444.29	5	9422	
37	38	1	7	5	3	6990	49951899	8702	50099970	0.002	0.00134206	0	0.00408214	5757.29	4444.63	4	9422	
38	39	1	1	1	3	50363	76293837	63196	80655009	0.000896697	0.000787864	0	0.00408214	1276.27	2494.66	5	9422	
38	39	1	2	3	3	67546	94752518	83433	101697228	0.000872978	0.00070708	0	0.00408214	1218.91	2203.14	5	9422	
38	39	2	3	1	3	75875	101094806	99444	110649986	0.000793349	0.000682046	0	0.00433214	1112.69	2046.91	5	9422	
38	39	1	4	4	3	37339	63027607	42404	64161745	0.00107692	0.000860779	0	0.00433214	1513.11	3005.9	4	9422	
38	39	8	5	2	3	56590	78871993	65164	80476162	0.000964559	0.000740093	0	0.00408214	1234.98	2479.68	5	9422	
38	39	1	6	2	3	11625	52796557	12461	52960874	0.00170835	0.00124672	0	0.00383214	4250.13	4450.88	5	9422	
38	39	1	7	5	3	7133	51292453	9028	51449341	0.0019753	0.00135366	0	0.00408214	5698.86	4461.77	4	9422	
39	40	1	1	1	3	50683	77846943	64120	82516868	0.000892863	0.000793259	0	0.00408214	1286.91	2506.14	5	9422	
39	40	1	2	3	3	67695	96057543	83694	103023458	0.000875529	0.000712325	0	0.00408214	1230.95	2224.82	5	9422	
39	40	1	3	1	3	79717	104167460	103442	113765059	0.000797275	0.000674952	0	0.00433214	1099.8	2033.54	5	9422	
39	40	1	4	4	3	37593	64349412	42661	65483102	0.00108344	0.000866692	0	0.00433214	1534.96	3030.88	4	9422	
39	40	1	5	6	3	59472	81368773	68183	83006995	0.000966217	0.000733374	0	0.00408214	1217.41	2458	5	9422	
39	40	1	6	2	3	11794	54146633	12604	54308220	0.001723	0.00124716	0	0.00383214	4308.81	4459.33	5	9422	
39	40	1	7	5	3	7276	52639799	9198	52798144	0.00198544	0.00135137	0	0.00408214	5740.18	4454.98	4	9422	
40	41	1	1	1	3	50844	79163835	64336	83839231	0.000897076	0.000799068	0	0.00408214	1303.15	2530.07	5	9422	
40	41	1	2	1	3	68141	97428078	84284	104412559	0.000878066	0.000716679	0	0.00408214	1238.82	2242.37	5	9422	
40	41	1	3	7	3	82186	105992437	106528	115721262	0.000796936	0.000673129	0	0.00433214	1086.3	2028.43	5	9422	
40	41	8	4	1	3	40036	66731418	45565	67924081	0.0010688	0.00085478	0	0.00433214	1490.71	2981.62	4	9422	
40	41	1	5	6	3	60963	83387474	69918	85041825	0.000965051	0.000732848	0	0.00408214	1216.31	2459.65	5	9422	
40	41	1	6	2	3	11936	55474317	12747	55645326	0.00173733	0.00124741	0	0.00383214	4365.37	4466.18	5	9422	
40	41	8	7	3	3	8491	54128980	10481	54293559	0.00187479	0.00132605	0	0.00408214	5180.19	4551.16	4	9422	
41	42	1	1	1	3	51072	80459830	64493	85137088	0.000901544	0.000804311	0	0.00408214	1320.1	2553.71	5	9422	
41	42	1	2	3	3	68517	98760005	84646	105743106	0.000882208	0.000721645	0	0.00408214	1249.24	2261.91	5	9422	
41	42	2	3	1	3	83379	107524438	107748	117254967	0.000801184	0.00067549	0	0.00433214	1088.23	2041.27	5	9422	
41	42	1	4	4	3	40695	68379371	46243	69583220	0.00107122	0.000856572	0	0.00433214	1504.73	2991.01	4	9422	
41	42	1	5	6	3	61567	85031066	70603	86687394	0.000967505	0.000736488	0	0.00408214	1227.81	2475.09	5	9422	
41	42	1	6	2	3	12079	56782870	12896	56954509	0.00175052	0.00124779	0	0.00383214	4416.45	4470.27	5	9422	
41	42	1	7	5	3	10328	55820073	12433	55998485	0.00174113	0.00128218	0	0.00408214	4504.02	4563.39	4	9422	
42	43	7	1	1	3	51275	81770361	64720	86449771	0.000905849	0.000810016	0	0.00408214	1335.75	2576.14	5	9422	
42	43	1	2	3	3	69549	101036249	86107	108094650	0.000882121	0.000724457	0	0.00408214	1255.35	2268.58	5	9422	
42	43	2	3	1	3	84606	109589387	109849	119675545	0.000798952	0.000678172	0	0.00433214	1089.46	2046.23	5	9422	
42	43	1	4	4	3	40874	69697801	46388	70898631	0.00107712	0.00086192	0	0.00433214	1528.38	3017	4	9422	
42	43	1	5	6	3	61844	86349286	70890	88006434	0.000972472	0.000742213	0	0.00408214	1241.45	2495.93	5	9422	
42	43	1	6	2	3	12222	58095527	13040	58267271	0.00176409	0.00124778	0	0.00383214	4468.35	4474.17	5	9422	
42	43	1	7	5	3	10582	57170649	12587	57329915	0.00175462	0.00128149	0	0.00408214	4554.69	4566.67	4	9422	
43	44	1	1	1	3	51789	83646355	65305	88335032	0.000909421	0.00081306	0	0.00408214	1352.65	2591.44	5	9422	
43	44	1	2	3	3	69862	102383664	86601	109468158	0.000883961	0.00072885	0	0.00408214	1264.05	2286.49	5	9422	
43	44	2	3	1	3	86998	111640469	113331	121938510	0.000795713	0.000677492	0	0.00433214	1075.95	2040.41	5	9422	
43	44	1	4	4	3	41187	71045292	47058	72327211	0.00107504	0.000868476	0	0.00433214	1536.98	3029.15	4	9422	
43	44	1	5	6	3	63690	89019151	72872	90724909	0.000973488	0.000740176	0	0.00408214	1244.99	2487.32	5	9422	
43	44	1	6	2	3	12365	59393807	13183	59565551	0.0017775	0.00124758	0	0.00383214	4518.36	4476.98	5	9422	
43	44	1	7	5	3	10824	58448508	12730	58600568	0.00176861	0.00128101	0	0.00408214	4603.34	4565.09	4	9422	
44	45	7	1	1	3	52152	85127094	65769	89824866	0.000912603	0.000817167	0	0.00408214	1365.76	2610.36	5	9422	
44	45	3	2	1	3	71392	104345671	88696	112050352	0.000881826	0.0007291	0	0.00408214	1263.31	2285.46	5	9422	
44	45	2	3	1	3	89976	115557975	117101	126117758	0.000794608	0.000674608	0	0.00433214	1077	2032.49	5	9422	
44	45	1	4	4	3	41432	72334181	47207	73608403	0.00108105	0.00087372	0	0.00433214	1559.27	3052.33	4	9422	
44	45	1	5	6	3	65624	91690014	74895	93410293	0.000974459	0.000737469	0	0.00408214	1247.22	2481	5	9422	
44	45	1	6	2	3	12513	60741678	13497	60930044	0.00176793	0.00125539	0	0.00383214	4514.34	4480.97	5	9422	
44	45	1	7	5	3	11067	59760355	12873	59913872	0.00178229	0.0012804	0	0.00408214	4654.23	4565.59	4	9422	
45	46	1	1	1	3	52506	86500985	66105	91196191	0.000916979	0.000821666	0	0.00408214	1379.57	2627.56	5	9422	
45	46	3	2	1	3	74107	107506311	91851	115304653	0.000880448	0.000724604	0	0.00408214	1255.34	2275.1	5	9422	
45	46	2	3	7	3	92598	118095001	120879	128980943	0.000790833	0.000673074	0	0.00433214	1067.03	2023.65	5	9422	
45	46	1	4	4	3	41703	73624138	47449	74905052	0.00108625	0.000878314	0	0.00433214	1578.64	3073.28	4	9422	
45	46	1	5	6	3	67951	93732641	77358	95476235	0.000974913	0.000733698	0	0.00408214	1234.21	2469.53	5	9422	
45	46	1	6	2	3	12656	62034410	13639	62213354	0.00178076	0.00125509	0	0.00383214	4561.43	4482.34	5	9422	
45	46	1	7	3	3	11316	61114619	13016	61261218	0.00179567	0.00127966	0	0.00408214	4706.61	4567.56	4	9422	
46	47	1	1	1	3	53057	88671172	66646	93355797	0.000920757	0.000824806	0	0.00408214	1400.77	2641.87	5	9422	
46	47	3	2	3	3	76175	111360307	94139	119277272	0.000881295	0.000722115	0	0.00408214	1267.03	2272.38	5	9422	
46	47	1	3	7	3	94117	119737062	122773	130681060	0.000792258	0.000674169	0	0.00433214	1064.41	2029.88	5	9422	
46	47	1	4	4	3	42087	74963910	47771	76241270	0.0010914	0.000882244	0	0.00433214	1595.97	3092.16	4	9422	
46	47	8	5	2	3	68967	95190071	78630	96957929	0.000974841	0.000735569	0	0.00408214	1233.09	2477.86	5	9422	
46	47	1	6	2	3	12799	63335885	13836	63520499	0.00178641	0.00125719	0	0.00383214	4590.96	4483.99	5	9422	
46	47	8	7	3	3	12406	62662966	14707	62874903	0.00167782	0.00127993	0	0.00408214	4275.17	4539.81	4	9422	
47	48	1	1	1	3	53249	89964438	67070	94700487	0.000922083	0.000829629	0	0.00408214	1411.96	2657.77	5	9422	
47	48	3	2	1	3	78247	114778937	97403	123143675	0.00087344	0.000721516	0	0.00408214	1264.27	2259.83	5	9422	
47	48	1	3	7	3	94559	121113214	123211	132047721	0.000795585	0.000678124	0	0.00433214	1071.72	2046.31	5	9422	
47	48	1	4	4	3	42295	76306310	47914	77579285	0.00109709	0.000887057	0	0.00433214	1619.14	3116.51	4	9422	
47	48	1	5	2	3	70408	97972282	80242	99851148	0.00097468	0.000735639	0	0.00408214	1244.38	2478.34	5	9422	
47	48	1	6	2	3	13122	64667658	14503	64896767	0.00174549	0.00126744	0	0.00383214	4474.71	4482.89	5	9422	
47	48	1	7	5	3	13605	64168777	15944	64386392	0.00163826	0.00125572	0	0.00408214	4038.28	4501.62	4	9422	
48	49	1	1	1	3	53391	91255028	67219	95998030	0.000926421	0.000834266	0	0.00408214	1428.14	2678.54	5	9422	
48	49	3	2	1	3	80956	118771771	100795	127597230	0.000871068	0.000718356	0	0.00408214	1265.91	2244.36	5	9422	
48	49	1	3	7	3	94854	122477118	123511	133411858	0.000799134	0.000682697	0	0.00433214	1080.16	2063.75	5	9422	
48	49	8	4	1	3	43941	77838659	50107	79160555	0.00108393	0.000881869	0	0.00433214	1579.83	3090.67	4	9422	
48	49	8	5	2	3	73700	100841034	83719	102755621	0.000972601	0.000727615	0	0.00408214	1227.39	2452.79	5	9422	
48	49	1	6	2	3	13391	65976054	14773	66205268	0.00175816	0.00126376	0	0.00383214	4481.5	4483.82	5	9422	
48	49	1	7	5	3	14267	65512691	16634	65730781	0.00162263	0.00124683	0	0.00408214	3951.59	4491.7	4	9422	
49	50	1	1	1	3	53534	92504957	67362	97247959	0.000930823	0.000838827	0	0.00408214	1443.66	2697.39	5	9422	
49	50	1	2	3	3	81519	120190528	102232	129210929	0.00086686	0.000722465	0	0.00408214	1263.9	2251.4	5	9422	
49	50	1	3	7	3	95358	123827672	124018	134772036	0.000802695	0.000686491	0	0.00433214	1086.71	2078.61	5	9422	
49	50	1	4	4	3	44311	79151605	50526	80476042	0.00108806	0.000885199	0	0.00433214	1592.76	3105.84	4	9422	
49	50	8	5	2	3	77104	107068281	87268	109109620	0.000973163	0.000720963	0	0.00408214	1250.28	2425.65	5	9422	
49	50	1	6	2	3	13636	67280796	14930	67500934	0.00177087	0.00126395	0	0.00383214	4521.16	4485.53	5	9422	
49	50	8	7	3	3	14456	66862155	16875	67072490	0.0016263	0.00124949	0	0.00408214	3974.67	4497.59	4	9422	
50	51	7	1	1	3	54362	94698011	68352	99473572	0.000931963	0.000840083	0	0.00408214	1455.31	2704.26	5	9422	
50	51	1	2	1	3	84518	124484646	105912	134076117	0.000864527	0.000718208	0	0.00408214	1265.92	2235.41	5	9422	
50	51	1	3	7	3	96760	125456478	125431	136401667	0.000806529	0.000687736	0	0.00433214	1087.46	2087.22	5	9422	
50	51	8	4	1	3	44755	80476497	50980	81792293	0.00109272	0.000887706	0	0.00433214	1604.4	3119.85	4	9422	
50	51	8	5	2	3	80356	110381327	90713	112497736	0.000972493	0.000715079	0	0.00408214	1240.15	2404.27	5	9422	
50	51	1	6	2	3	13873	68637520	15106	68851745	0.00178502	0.00126495	0	0.00383214	4557.91	4489.34	5	9422	
50	51	1	7	5	3	14764	68198795	17140	68407160	0.00163323	0.00124853	0	0.00408214	3991.08	4500.96	4	9422	
51	52	1	1	1	3	54766	96059574	68760	100835951	0.000937884	0.000844416	0	0.00408214	1466.49	2720.66	5	9422	
51	52	3	2	1	3	86596	127822143	109513	138072198	0.000855187	0.00071796	0	0.00408214	1260.78	2222.25	5	9422	
51	52	2	3	1	3	98249	127487906	126954	138436078	0.000810099	0.000688651	0	0.00433214	1090.44	2093.01	5	9422	
51	52	1	4	4	3	45493	82076346	51758	83396107	0.00109509	0.000888237	0	0.00433214	1611.27	3124.28	4	9422	
51	52	1	5	6	3	82044	112182104	92563	114320878	0.000973273	0.000714303	0	0.00408214	1235.06	2405.6	5	9422	
51	52	1	6	1	3	14911	70320253	16448	70568524	0.00171232	0.0012606	0	0.00383214	4290.4	4468.26	5	9422	
51	52	1	7	5	3	15261	69540226	18160	69798013	0.00158269	0.00125419	0	0.00408214	3843.5	4477.55	4	9422	
52	53	1	1	1	3	55095	97411611	69096	102188561	0.000943752	0.000849193	0	0.00408214	1478.94	2738.13	5	9422	
52	53	3	2	1	3	88241	129501081	111227	139757901	0.000857808	0.000717543	0	0.00408214	1256.51	2227.87	5	9422	
52	53	1	3	1	3	99462	129871057	128543	140884546	0.000810665	0.000689854	0	0.00433214	1096.01	2100.04	5	9422	
52	53	1	4	4	3	46264	83545387	52627	84877062	0.00109527	0.000888396	0	0.00433214	1612.8	3126.54	4	9422	
52	53	8	5	2	3	84508	114456795	95399	116638144	0.00097047	0.000711603	0	0.00408214	1222.63	2396.83	5	9422	
52	53	1	6	2	3	15903	72053831	17430	72300430	0.00168151	0.0012466	0	0.00383214	4148.05	4442.33	5	9422	
52	53	1	7	5	3	15480	70873572	18326	71128193	0.00159272	0.00125565	0	0.00408214	3881.27	4485.41	4	9422	
53	54	1	1	1	3	56672	99200510	70935	104000978	0.000943866	0.000845928	0	0.00408214	1466.14	2731.84	5	9422	
53	54	3	2	3	3	91033	133651305	114893	144908749	0.000854702	0.000714674	0	0.00408214	1261.25	2213.42	5	9422	
53	54	1	3	1	3	100057	131707311	129135	142714581	0.000814196	0.000693599	0	0.00433214	1105.16	2113.53	5	9422	
53	54	1	4	4	3	47069	84919099	53480	86253707	0.00109744	0.000888532	0	0.00433214	1612.82	3131.19	4	9422	
53	54	1	5	2	3	86036	116359803	97041	118560476	0.000971982	0.000711696	0	0.00408214	1221.76	2400.59	5	9422	
53	54	1	6	2	3	16141	73347056	17605	73587450	0.00169373	0.00124772	0	0.00383214	4179.92	4445.92	5	9422	
53	54	1	7	5	3	15820	72222133	18699	72477627	0.00159672	0.00125395	0	0.00408214	3876.02	4486.12	4	9422	
54	55	1	1	1	3	57504	100989045	71757	105785915	0.000947054	0.000846885	0	0.00408214	1474.22	2740.47	5	9422	
54	55	3	2	1	3	93209	138235880	118485	150850598	0.000847826	0.000714444	0	0.00408214	1273.16	2199.17	5	9422	
54	55	2	3	7	3	103110	136553043	132846	147963902	0.000813713	0.000690502	0	0.00433214	1113.8	2102.93	5	9422	
54	55	1	4	4	3	47548	86242519	53996	87578827	0.00110087	0.000890591	0	0.00433214	1621.95	3142.53	4	9422	
54	55	1	5	2	3	88454	118972340	99611	121216334	0.00097293	0.000709268	0	0.00408214	1216.9	2392.01	5	9422	
54	55	1	6	2	3	16666	74901282	18139	75152090	0.00168765	0.00124255	0	0.00383214	4143.12	4434.51	5	9422	
54	55	1	7	5	3	16063	73521997	18859	73772153	0.00160742	0.00125487	0	0.00408214	3911.77	4491.65	4	9422	
55	56	7	1	1	3	57778	102306753	72047	107116164	0.00095138	0.000851441	0	0.00408214	1486.75	2757.23	5	9422	
55	56	3	2	1	3	95302	142352425	122056	156370585	0.000840599	0.000714195	0	0.00408214	1281.14	2184.47	5	9422	
55	56	1	3	7	3	105919	138630309	135734	150054496	0.000817133	0.000687984	0	0.00433214	1105.5	2100.33	5	9422	
55	56	1	4	4	3	47786	87562148	54239	88898338	0.00110639	0.000895019	0	0.00433214	1639.01	3160.33	4	9422	
55	56	8	5	2	3	91100	121577213	102667	123897647	0.0009711	0.000706697	0	0.00408214	1206.79	2379.38	5	9422	
55	56	1	6	2	3	16809	76248628	18314	76502468	0.00169495	0.00124401	0	0.00383214	4177.27	4440.95	5	9422	
55	56	1	7	5	3	16384	74886892	19247	75141719	0.00160466	0.00125492	0	0.00408214	3904.07	4492.01	4	9422	
56	57	7	1	1	3	59248	104063232	73857	108915042	0.000950409	0.000849242	0	0.00408214	1474.67	2750.26	5	9422	
56	57	3	2	1	3	97238	145026437	125512	159823551	0.000833506	0.000714571	0	0.00408214	1273.37	2174.49	5	9422	
56	57	1	3	7	3	107155	141472951	137056	152933524	0.000819487	0.000689233	0	0.00433214	1115.85	2108.48	5	9422	
56	57	1	4	4	3	48020	88859938	54414	90191471	0.00111222	0.00090004	0	0.00433214	1657.5	3178.35	4	9422	
56	57	1	5	6	3	91868	123680833	104075	126126475	0.000967551	0.000710265	0	0.00408214	1211.88	2384.64	5	9422	
56	57	1	6	2	3	16952	77595974	18493	77853166	0.00170174	0.00124551	0	0.00383214	4209.87	4446.94	5	9422	
56	57	1	7	5	3	16527	76181903	19389	76427308	0.00161488	0.00125596	0	0.00408214	3941.79	4497.76	4	9422	
57	58	7	1	1	3	60043	105883504	74954	110771780	0.000949914	0.000850191	0	0.00408214	1477.86	2754.66	5	9422	
57	58	1	2	1	3	100376	148323107	129076	163214334	0.000833966	0.000710465	0	0.00408214	1264.48	2167.24	5	9422	
57	58	1	3	7	3	107331	142772878	137298	154241215	0.00082152	0.000692801	0	0.00433214	1123.4	2122.53	5	9422	
57	58	1	4	4	3	48537	90387763	54949	91711900	0.00111559	0.000902564	0	0.00433214	1669.04	3187.97	4	9422	
57	58	8	5	2	3	93273	125288954	105570	127757660	0.00096862	0.000710299	0	0.00408214	1210.17	2389.59	5	9422	
57	58	1	6	2	3	17095	78933313	18680	79195029	0.00170767	0.00124718	0	0.00383214	4239.56	4452.11	5	9422	
57	58	1	7	5	3	16670	77503581	19532	77748986	0.00162502	0.00125691	0	0.00408214	3980.6	4504.29	4	9422	
58	59	7	1	1	3	61428	108460465	76979	113487602	0.000945013	0.000848633	0	0.00408214	1474.27	2743.32	5	9422	
58	59	1	2	3	3	101930	149890991	130714	164781515	0.00083651	0.000710501	0	0.00408214	1260.63	2171.24	5	9422	
58	59	1	3	1	3	107508	144105518	137505	155576825	0.000823595	0.000696284	0	0.00433214	1131.43	2137.39	5	9422	
58	59	1	4	4	3	50084	92045302	56863	93435889	0.00110826	0.000898637	0	0.00433214	1643.18	3167.68	4	9422	
58	59	1	5	6	3	93516	126630154	105753	129094116	0.000971666	0.000714092	0	0.00408214	1220.71	2406.31	5	9422	
58	59	1	6	2	3	17271	80263624	19293	80751435	0.00167741	0.00125903	0	0.00383214	4185.53	4439.42	5	9422	
58	59	1	7	5	3	16812	78827169	19675	79081996	0.00163502	0.00125777	0	0.00408214	4019.42	4510.94	4	9422	
59	60	7	1	1	3	62807	109996127	78438	115062400	0.000947168	0.000846339	0	0.00408214	1466.92	2742.33	5	9422	
59	60	3	2	1	3	103013	151328334	131797	166228880	0.000839455	0.00071163	0	0.00408214	1261.25	2179.75	5	9422	
59	60	2	3	1	3	107805	145413737	138063	156932518	0.00082438	0.000699311	0	0.00433214	1136.67	2149.51	5	9422	
59	60	8	4	1	3	52238	93646207	59063	95054071	0.00110367	0.000888572	0	0.00433214	1609.37	3141.28	4	9422	
59	60	8	5	2	3	93790	127880417	106066	130345109	0.000973847	0.000717242	0	0.00408214	1228.91	2420.27	5	9422	
59	60	1	6	2	3	17403	81459559	19456	81950051	0.00168371	0.00126023	0	0.00383214	4212.07	4442.82	5	9422	
59	60	8	7	3	3	16986	80051321	19987	80321666	0.00163104	0.00126084	0	0.00408214	4018.7	4510.17	4	9422	
