% start	end	CellId	IMSI	RNTI	LCID	nTxPDUs	TxBytes	nRxPDUs	RxBytes	delay	stdDev	min	max	PduSize	stdDev	min	max
0	1	2	1	1	3	3015	1784404	3119	1800210	0.000944158	0.000489581	0	0.003	577.175	1769.35	10	9422	
0	1	1	2	2	3	292	1265619	226	1257480	0.00206372	0.00112339	0.000742855	0.00383214	5564.07	3932.11	105	9422	
0	1	1	3	3	3	1536	1607775	2204	1705513	0.000725711	0.000689915	0	0.003	773.826	2011.57	5	9422	
0	1	6	4	1	3	2901	2328145	2990	2339014	0.00094151	0.000501555	0	0.003	782.279	1755.28	5	9422	
0	1	8	5	1	3	2361	2036483	2578	2066126	0.000931726	0.000584082	0	0.003	801.445	1917.77	7	9422	
0	1	1	6	2	3	881	1634641	862	1637585	0.00119438	0.000788926	0	0.003	1899.75	3138.56	9	9422	
0	1	4	7	1	3	439	1219495	428	1218422	0.00166319	0.000970656	0	0.003	2846.78	4171.82	23	9422	
1	2	2	1	1	3	6344	4111630	6509	4138028	0.000946847	0.000488021	0	0.003	635.739	1775.9	10	9422	
1	2	1	2	2	3	502	2584098	448	2577705	0.00220355	0.00117944	0	0.00383214	5753.81	4168.21	23	9422	
1	2	1	3	3	3	1679	2938869	2441	3032085	0.00082977	0.000860487	0	0.003	1242.15	2777.69	5	9422	
1	2	6	4	1	3	5642	4934336	5788	4974012	0.00095969	0.000523121	0	0.003	859.366	1860.6	5	9422	
1	2	8	5	1	3	4925	4956628	5235	5025458	0.000957604	0.00057426	0	0.003	959.973	1952.86	7	9422	
1	2	1	6	1	3	1507	3020549	1547	3028119	0.00121702	0.000882316	0	0.00383214	1957.41	3409.11	9	9422	
1	2	1	7	1	3	2744	4955938	3260	5059500	0.000919186	0.00073698	0	0.003	1551.99	2511.89	5	9422	
2	3	2	1	1	3	9921	7197154	10160	7245371	0.000956064	0.000492767	0	0.003	713.127	1746.98	10	9422	
2	3	1	2	1	3	1403	4199337	1641	4235083	0.00128764	0.00114289	0	0.00383214	2580.79	3809.9	11	9422	
2	3	1	3	3	3	1822	4271706	2617	4366578	0.000937894	0.000972148	0	0.003	1668.54	3258.27	5	9422	
2	3	6	4	1	3	8318	7572197	8537	7637980	0.000961619	0.000529491	0	0.003	894.691	1895.14	5	9422	
2	3	8	5	1	3	7973	7564510	8429	7678993	0.000959734	0.000561624	0	0.003	911.021	1922.92	7	9422	
2	3	1	6	1	3	2116	4392006	2495	4419256	0.00110571	0.000939107	0	0.00408214	1771.24	3377.16	4	9422	
2	3	4	7	1	3	4957	7573641	5536	7706747	0.000964793	0.000686134	0	0.003	1392.11	2367.95	5	9422	
3	4	1	1	7	3	11158	9469576	11390	9525685	0.000973543	0.000528806	0	0.00383214	836.32	1914.03	10	9422	
3	4	3	2	1	3	3508	6683535	5233	7241089	0.000813057	0.000900034	0	0.00383214	1383.74	2700.86	5	9422	
3	4	1	3	3	3	1964	5606627	2760	5710921	0.00104473	0.00105122	0	0.003	2069.17	3606.36	5	9422	
3	4	1	4	6	3	9570	10097359	9827	10167927	0.000972248	0.00056162	0	0.003	1034.69	2040.82	5	9422	
3	4	1	5	5	3	9768	9495488	10563	9677383	0.000953757	0.00058363	0	0.003	916.159	2005.04	7	9422	
3	4	1	6	2	3	5140	7020818	5727	7089858	0.00100843	0.000742072	0	0.00408214	1237.97	2652.42	4	9422	
3	4	4	7	1	3	7007	10223591	7656	10401435	0.000976696	0.000665354	0	0.003	1358.6	2306.22	5	9422	
4	5	1	1	1	3	13246	11890933	13939	12026032	0.000953164	0.00055946	0	0.00383214	862.761	1959.52	5	9422	
4	5	3	2	1	3	5766	10801046	8858	12510196	0.00073832	0.000812344	0	0.00383214	1412.3	2316.26	5	9422	
4	5	1	3	3	3	2107	6942718	2910	7047307	0.0011383	0.001109	0	0.003	2421.75	3850.63	5	9422	
4	5	1	4	6	3	9808	11421243	10005	11485508	0.00100451	0.000614036	0	0.00383214	1147.98	2244.64	5	9422	
4	5	1	5	5	3	10178	10860030	11136	11054879	0.000965826	0.000627938	0	0.00383214	992.715	2176.93	7	9422	
4	5	1	6	1	3	7378	9089909	8010	9164293	0.00100822	0.00070266	0	0.00408214	1144.11	2508.91	4	9422	
4	5	4	7	1	3	8201	12837548	8996	13216415	0.0010089	0.000681106	0	0.003	1469.14	2340.13	5	9422	
5	6	2	1	1	3	15960	14249574	17077	14476881	0.000941114	0.000569713	0	0.00383214	847.741	1944.93	5	9422	
5	6	1	2	2	3	7016	13380580	11122	15573061	0.000717648	0.000805956	0	0.00383214	1400.2	2284.61	5	9422	
5	6	1	3	3	3	2250	8264197	3111	8371963	0.00120266	0.00115316	0	0.003	2691.08	4008.63	4	9422	
5	6	1	4	6	3	10052	12761716	10159	12816613	0.00103498	0.000658064	0	0.00383214	1261.6	2427.07	5	9422	
5	6	8	5	1	3	11596	13657879	12662	13890941	0.00097236	0.000643981	0	0.00408214	1097.06	2240.77	7	9422	
5	6	1	6	1	3	7553	10439579	8269	10519987	0.00103456	0.000749948	0	0.00408214	1272.22	2698.58	4	9422	
5	6	4	7	1	3	9470	15452924	10341	15922068	0.00102139	0.000686161	0	0.003	1539.7	2368.58	5	9422	
6	7	2	1	1	3	18956	17389772	20194	17651574	0.000951943	0.000568977	0	0.00383214	874.1	1926.6	5	9422	
6	7	3	2	2	3	7980	15977904	12283	18239494	0.000743668	0.000814632	0	0.00383214	1484.94	2341.56	5	9422	
6	7	1	3	3	3	2393	9542933	3257	9650839	0.00128046	0.0011863	0	0.003	2963.11	4129.64	4	9422	
6	7	6	4	1	3	12784	16184420	13837	16429967	0.000954061	0.000659971	0	0.00383214	1187.39	2281.12	5	9422	
6	7	1	5	5	3	14906	16320245	16186	16615387	0.000961333	0.000614781	0	0.00408214	1026.53	2148.22	7	9422	
6	7	8	6	2	3	9568	13232051	11394	13895239	0.000946532	0.000745138	0	0.00408214	1219.52	2489.75	4	9422	
6	7	4	7	1	3	11192	18060786	12134	18604637	0.00102085	0.00068	0	0.003	1533.26	2360.07	5	9422	
7	8	2	1	1	3	21618	20754800	22931	21076348	0.000956765	0.000567886	0	0.00383214	919.12	1932.9	5	9422	
7	8	1	2	2	3	8185	17262719	12444	19519689	0.000770971	0.000847606	0	0.00383214	1568.6	2462.42	5	9422	
7	8	1	3	3	3	2536	10888211	3450	10999242	0.00133318	0.00121332	0	0.003	3188.19	4230.1	4	9422	
7	8	1	4	6	3	14496	18323929	15609	18586694	0.000970759	0.000664584	0	0.00383214	1190.77	2299.03	5	9422	
7	8	1	5	5	3	16500	18199315	17922	18517192	0.000964806	0.000619616	0	0.00408214	1033.21	2186.5	7	9422	
7	8	8	6	1	3	11430	16375137	14654	17859202	0.000879437	0.000748722	0	0.00408214	1218.73	2342.09	4	9422	
7	8	4	7	1	3	13936	20730990	14973	21308775	0.00100792	0.000655932	0	0.003	1423.15	2296.06	5	9422	
8	9	2	1	1	3	24592	23313008	25948	23644688	0.000956287	0.000561104	0	0.00383214	911.234	1929.87	5	9422	
8	9	1	2	2	3	8530	18626498	12939	20904271	0.000788841	0.000869309	0	0.00383214	1615.6	2559.37	5	9422	
8	9	1	3	3	3	3054	12442972	3987	12559671	0.0013374	0.00118967	0	0.003	3150.16	4166.43	4	9422	
8	9	6	4	6	3	14677	19647458	15862	19927754	0.000983853	0.000691956	0	0.00383214	1256.32	2408.19	5	9422	
8	9	8	5	1	3	17707	19978659	19587	20338279	0.000952042	0.00063604	0	0.00408214	1038.36	2221.72	5	9422	
8	9	8	6	2	3	13884	19415698	18373	21745663	0.00083747	0.00073371	0	0.00408214	1183.57	2230.17	4	9422	
8	9	1	7	1	3	15914	23364129	17031	23983132	0.00101082	0.000654586	0	0.003	1408.2	2287.81	5	9422	
9	10	2	1	7	3	27450	25482501	28897	25830046	0.000960312	0.000560241	0	0.00383214	893.866	1932.78	5	9422	
9	10	1	2	2	3	8939	19959166	13397	22242128	0.000812324	0.000887432	0	0.00383214	1660.23	2639.04	5	9422	
9	10	1	3	3	3	3287	13754545	4162	13867270	0.00139608	0.00120569	0	0.003	3331.88	4233.6	4	9422	
9	10	6	4	1	3	16651	22002927	19077	22776262	0.000925396	0.00070189	0	0.00383214	1193.91	2322.41	5	9422	
9	10	8	5	1	3	21187	23041795	23256	23474727	0.000942867	0.00061411	0	0.00408214	1009.41	2153.39	5	9422	
9	10	8	6	2	3	16934	21666101	21975	24098047	0.000837973	0.000706576	0	0.00408214	1096.61	2164.11	4	9422	
9	10	4	7	1	3	17824	25987406	19084	26668866	0.00101101	0.000653394	0	0.003	1397.45	2280.97	5	9422	
10	11	1	1	7	3	28327	26982970	31034	27557364	0.000931995	0.000591021	0	0.00383214	887.973	1961.17	5	9422	
10	11	1	2	2	3	9082	21265300	13994	23597256	0.000808111	0.000907713	0	0.00383214	1686.24	2705.59	5	9422	
10	11	1	3	3	3	3526	15078096	4777	15240980	0.00132897	0.00122196	0	0.003	3190.49	4205.92	4	9422	
10	11	1	4	6	3	17399	24245648	20000	25049113	0.000931114	0.000714466	0	0.00383214	1252.46	2376.67	5	9422	
10	11	8	5	1	3	24836	24975267	27048	25429792	0.000937578	0.00059518	0	0.00408214	940.173	2101.03	5	9422	
10	11	1	6	2	3	20420	23909185	25689	26384841	0.000842771	0.000678423	0	0.00408214	1027.09	2108.92	4	9422	
10	11	4	7	4	3	19196	28618951	20536	29396140	0.00101707	0.000657692	0	0.003	1431.44	2299.26	5	9422	
11	12	1	1	7	3	28889	28369087	31646	28946670	0.000942536	0.000606618	0	0.00408214	914.702	2024.24	5	9422	
11	12	1	2	2	3	9230	22611605	14397	24972386	0.000815577	0.000927422	0	0.00383214	1734.55	2783.71	5	9422	
11	12	1	3	3	3	3669	16425442	5242	16767912	0.00129292	0.00124262	0	0.003	3198.76	4196.64	4	9422	
11	12	6	4	1	3	19945	28489868	23049	29822249	0.000918293	0.000701984	0	0.00383214	1293.86	2317.94	5	9422	
11	12	8	5	1	3	28550	28000981	30921	28489629	0.000931358	0.000579865	0	0.00408214	921.368	2056.95	5	9422	
11	12	8	6	2	3	23781	26225170	29305	28751156	0.000847021	0.000657998	0	0.00408214	981.101	2068.02	4	9422	
11	12	1	7	4	3	19834	30490689	21220	31328432	0.00102814	0.000673308	0	0.00383214	1476.36	2352.42	5	9422	
12	13	1	1	7	3	29115	29650288	31834	30214582	0.000952891	0.000623403	0	0.00408214	949.129	2088.89	5	9422	
12	13	1	2	2	3	9372	23864673	14600	26240923	0.000833621	0.000947259	0	0.00383214	1797.32	2856.65	5	9422	
12	13	1	3	3	3	3812	17727947	5423	18073956	0.00132888	0.00125692	0	0.003	3332.83	4244.37	4	9422	
12	13	1	4	1	3	22717	31146385	26731	32825715	0.000893485	0.00069234	0	0.00383214	1228	2248.89	5	9422	
12	13	8	5	1	3	31662	30285597	34226	30821633	0.000928626	0.000572944	0	0.00408214	900.533	2036.56	5	9422	
12	13	8	6	1	3	26921	29480539	33078	32329300	0.000843636	0.000646543	0	0.00408214	977.366	2027.29	4	9422	
12	13	4	7	1	3	22185	33855802	23693	34725901	0.00101982	0.000664145	0	0.00383214	1465.66	2333.16	5	9422	
13	14	2	1	7	3	30118	32206289	33152	33036856	0.00095305	0.000634483	0	0.00408214	996.527	2123.21	5	9422	
13	14	1	2	2	3	9515	25194883	14762	27573128	0.000853534	0.000966135	0	0.00383214	1867.85	2935.67	5	9422	
13	14	1	3	3	3	3955	19041121	5575	19387868	0.0013696	0.0012687	0	0.003	3477.64	4291.15	4	9422	
13	14	6	4	6	3	24561	33901258	30210	36384039	0.000854278	0.000698597	0	0.00383214	1204.37	2201.68	5	9422	
13	14	1	5	1	3	34660	32471942	37746	33103358	0.000920781	0.000571996	0	0.00408214	877.003	2017.26	5	9422	
13	14	8	6	2	3	29664	32244739	36563	35394559	0.000839046	0.000641295	0	0.00408214	968.043	2000.22	4	9422	
13	14	4	7	1	3	24211	36504177	25767	37394555	0.00101606	0.000659758	0	0.00383214	1451.26	2326.33	5	9422	
14	15	2	1	7	3	30516	33604176	33981	34515809	0.000950718	0.000650517	0	0.00408214	1015.74	2167.4	5	9422	
14	15	1	2	2	3	9658	26473719	14926	28854169	0.000872897	0.000983846	0	0.00383214	1933.15	3002.5	5	9422	
14	15	1	3	3	3	4112	20387761	5718	20733203	0.00141037	0.00127834	0	0.003	3625.95	4337.22	4	9422	
14	15	6	4	6	3	27609	37857647	33850	40587907	0.000849812	0.000685987	0	0.00383214	1199.05	2165.02	5	9422	
14	15	8	5	5	3	36967	34671330	40257	35323187	0.00092058	0.00057185	0	0.00408214	877.442	2022.5	5	9422	
14	15	8	6	2	3	32766	34900157	40280	38244234	0.00083768	0.000634558	0	0.00408214	949.46	1975.44	4	9422	
14	15	4	7	1	3	26078	39116045	27677	40047136	0.00101646	0.000657508	0	0.00383214	1446.95	2320.3	5	9422	
15	16	1	1	7	3	30659	34951522	34350	35887412	0.000952994	0.00066487	0	0.00408214	1044.76	2223.95	5	9422	
15	16	1	2	2	3	9801	27785599	15089	30168149	0.000891899	0.00100051	0	0.00383214	1999.35	3069.46	5	9422	
15	16	1	3	3	3	4560	21858148	6199	22197495	0.00140668	0.00126636	0	0.003	3580.82	4300.88	4	9422	
15	16	6	4	1	3	30613	41741546	37685	44863731	0.000838715	0.000675793	0	0.00383214	1190.49	2119.56	5	9422	
15	16	8	5	1	3	39260	36461960	42641	37126175	0.000925082	0.000572813	0	0.00408214	870.668	2024.91	5	9422	
15	16	1	6	1	3	34055	36596821	41629	39952095	0.000844415	0.000639003	0	0.00408214	959.718	2007.65	4	9422	
15	16	1	7	1	3	28580	41764136	30273	42730128	0.00101569	0.000651574	0	0.00383214	1411.49	2296.03	5	9422	
16	17	1	1	7	3	30826	36316166	34856	37421168	0.000951869	0.000680324	0	0.00408214	1073.59	2273.13	5	9422	
16	17	1	2	2	3	9944	29039937	15280	31427527	0.000908826	0.00101603	0	0.00383214	2056.78	3123.46	5	9422	
16	17	1	3	3	3	4703	23122501	6397	23466245	0.0014302	0.00127563	0	0.003	3668.32	4320.6	4	9422	
16	17	6	4	1	3	31713	43783749	38838	46927666	0.000846111	0.000680748	0	0.00383214	1208.29	2148.52	5	9422	
16	17	8	5	1	3	41516	39261122	45519	40239575	0.000920021	0.000581065	0	0.00408214	884.017	2016.92	5	9422	
16	17	1	6	2	3	34270	37888205	41844	41243118	0.000852807	0.000652466	0	0.00408214	985.64	2058.04	4	9422	
16	17	4	7	1	3	30724	44393050	32451	45366240	0.00101517	0.000647866	0	0.00383214	1397.99	2286.13	5	9422	
17	18	1	1	7	3	31017	37668386	35074	38775228	0.000958602	0.000692311	0	0.00408214	1105.53	2328.14	5	9422	
17	18	1	2	2	3	10087	30357619	15497	32743662	0.000923589	0.0010304	0	0.00383214	2112.9	3179.52	5	9422	
17	18	1	3	3	3	4845	24433899	6918	24974516	0.0013845	0.00129047	0	0.003	3610.08	4296.92	4	9422	
17	18	6	4	1	3	33919	47050606	41105	50232834	0.000856391	0.000679156	0	0.00408214	1222.06	2148.91	5	9422	
17	18	8	5	1	3	43868	42493578	49045	44041236	0.000904351	0.000590815	0	0.00408214	897.976	1995.27	5	9422	
17	18	1	6	2	3	35186	39490802	42990	42871931	0.000855618	0.000659234	0	0.00408214	997.254	2085.79	4	9422	
17	18	1	7	4	3	32512	47027933	34336	48072012	0.00101629	0.000648021	0	0.00383214	1400.05	2281.02	5	9422	
18	19	1	1	7	3	31617	39503875	36080	40688226	0.000955825	0.000702884	0	0.00408214	1127.72	2354.27	5	9422	
18	19	1	2	2	3	10230	31697988	15695	34089806	0.000939271	0.0010442	0	0.00383214	2172.02	3236.28	5	9422	
18	19	1	3	2	3	5007	25782947	7135	26328879	0.00140503	0.00129911	0	0.00383214	3690.1	4324.44	4	9422	
18	19	6	4	1	3	35940	49684426	43567	53201278	0.00085861	0.000680259	0	0.00408214	1221.14	2140.91	5	9422	
18	19	1	5	5	3	44592	44184530	49937	45772599	0.000907549	0.000598526	0	0.00408214	916.607	2025.02	5	9422	
18	19	1	6	1	3	36561	41966070	44416	45341839	0.000862346	0.000661864	0	0.00408214	1020.84	2112.78	4	9422	
18	19	4	7	1	3	34860	49631781	36739	50720635	0.00101485	0.000643497	0	0.00383214	1380.57	2272.93	5	9422	
19	20	1	1	7	3	33074	41896420	38293	43241576	0.000942409	0.000707867	0	0.00408214	1129.23	2349.64	5	9422	
19	20	1	2	2	3	10372	32998056	15854	35400976	0.000956911	0.0010575	0	0.00383214	2232.94	3288.76	5	9422	
19	20	1	3	3	3	5252	27137795	7290	27676990	0.00143759	0.00130455	0	0.00383214	3796.57	4354.08	4	9422	
19	20	1	4	1	3	38276	52291921	45958	55838593	0.000865852	0.000676102	0	0.00408214	1214.99	2135.17	5	9422	
19	20	1	5	5	3	44992	45798591	50454	47466881	0.000911442	0.000608891	0	0.00408214	940.795	2063.75	5	9422	
19	20	1	6	1	3	36806	43274339	44559	46639893	0.000869206	0.000671771	0	0.00408214	1046.7	2158.8	4	9422	
19	20	4	7	1	3	37307	52207986	39549	53440269	0.00100826	0.000643599	0	0.00383214	1351.24	2252.02	5	9422	
20	21	2	1	1	3	35938	44876243	41420	46261508	0.000937776	0.000697329	0	0.00408214	1116.89	2320.72	5	9422	
20	21	1	2	2	3	10515	34316253	15999	36719383	0.000975053	0.00107017	0	0.00383214	2295.1	3339.95	5	9422	
20	21	1	3	3	3	5713	28656753	8093	29253732	0.00137984	0.00129586	0	0.00383214	3614.7	4310.4	4	9422	
20	21	6	4	1	3	40450	54947929	48224	58506447	0.000871848	0.000673027	0	0.00408214	1213.22	2136.47	5	9422	
20	21	1	5	1	3	45631	47176849	51286	48870770	0.000914105	0.000617439	0	0.00408214	952.907	2093.33	5	9422	
20	21	1	6	1	3	37032	44552957	44710	47920751	0.000876294	0.000682097	0	0.00408214	1071.81	2201.91	4	9422	
20	21	4	7	1	3	39108	54910354	41400	56184753	0.00100791	0.000642685	0	0.00383214	1357.12	2250.85	5	9422	
21	22	1	1	7	3	38604	48382116	44138	49796880	0.000940556	0.000689323	0	0.00408214	1128.21	2302.7	5	9422	
21	22	1	2	2	3	10658	35597082	16196	38005882	0.00098968	0.00108189	0	0.00383214	2346.62	3381.61	5	9422	
21	22	1	3	3	3	5869	30005023	8320	30606013	0.00139557	0.00130227	0	0.00383214	3678.61	4333.12	4	9422	
21	22	6	4	1	3	43315	57556208	51132	61131187	0.000879229	0.000667028	0	0.00408214	1195.56	2122.73	5	9422	
21	22	1	5	5	3	47925	49208125	53900	50941730	0.000916088	0.000619332	0	0.00408214	945.116	2088.35	5	9422	
21	22	1	6	2	3	37249	45827908	44869	49192755	0.000883006	0.000691913	0	0.00408214	1096.36	2242.86	4	9422	
21	22	1	7	1	3	41448	57537788	43772	58840372	0.00100677	0.000638659	0	0.00383214	1344.25	2243.64	5	9422	
22	23	2	1	1	3	40075	50755012	45994	52246158	0.000939079	0.000692798	0	0.00408214	1135.93	2308.5	5	9422	
22	23	1	2	1	3	10801	36888195	16385	39301825	0.00100445	0.00109307	0	0.00383214	2398.65	3422.32	5	9422	
22	23	1	3	3	3	6073	31297175	8505	31887154	0.00141975	0.00130859	0	0.00383214	3749.22	4349.56	4	9422	
22	23	6	4	1	3	45446	59862420	53366	63489135	0.000884585	0.000665934	0	0.00408214	1189.69	2123.99	5	9422	
22	23	1	5	5	3	49162	52595666	55207	54347147	0.000919263	0.000622881	0	0.00408214	984.425	2114.16	5	9422	
22	23	1	6	1	3	37614	47158351	45683	50568768	0.000880964	0.000701505	0	0.00408214	1106.95	2270.43	4	9422	
22	23	1	7	1	3	42585	60175266	45026	61637710	0.0010113	0.000642747	0	0.00383214	1368.94	2257.01	5	9422	
23	24	2	1	1	3	43088	53503243	49372	55218505	0.000937907	0.000686199	0	0.00408214	1118.42	2279.86	5	9422	
23	24	1	2	2	3	10944	38223333	16576	40642003	0.00101875	0.00110368	0	0.00383214	2451.86	3465.04	5	9422	
23	24	1	3	3	3	6273	32600775	8738	33192300	0.0014363	0.00131224	0	0.00383214	3798.62	4363.06	4	9422	
23	24	6	4	6	3	47648	62614541	56207	66547015	0.000880557	0.000666036	0	0.00408214	1183.96	2117.99	5	9422	
23	24	8	5	1	3	50885	55165464	57158	56963034	0.000919811	0.000624349	0	0.00408214	996.589	2122.7	5	9422	
23	24	8	6	2	3	39281	48953378	47952	52437349	0.00087782	0.000703224	0	0.00408214	1093.54	2267.15	4	9422	
23	24	4	7	1	3	43727	62811481	46329	64480917	0.00101621	0.00064694	0	0.00383214	1391.8	2267.73	5	9422	
24	25	2	1	1	3	45577	55692396	52327	57522590	0.000935654	0.000684217	0	0.00408214	1099.29	2259.67	5	9422	
24	25	1	2	2	3	11087	39540485	16732	41951203	0.00103472	0.00111385	0	0.00383214	2507.24	3505.31	5	9422	
24	25	2	3	2	3	6790	33923333	9375	34533706	0.00141851	0.0012996	0	0.00383214	3683.6	4346.9	4	9422	
24	25	6	4	1	3	49377	64597692	59514	69089280	0.000862397	0.000671595	0	0.00408214	1160.89	2106.21	5	9422	
24	25	8	5	1	3	54186	58974253	60632	60843158	0.000920013	0.000618337	0	0.00408214	1003.48	2104.52	5	9422	
24	25	1	6	1	3	40324	50492435	49296	54007900	0.000880175	0.000706389	0	0.00408214	1095.58	2283.88	4	9422	
24	25	4	7	4	3	45544	65435633	48240	67188197	0.00101756	0.000647194	0	0.00383214	1392.79	2267.01	5	9422	
25	26	1	1	7	3	48567	58435061	55411	60277831	0.000935355	0.000675644	0	0.00408214	1087.83	2241.46	5	9422	
25	26	1	2	2	3	11230	40837219	16887	43249197	0.00105062	0.00112361	0	0.00383214	2561.09	3542.5	5	9422	
25	26	2	3	2	3	7887	35369240	11570	36067653	0.00127174	0.00125912	0	0.00383214	3117.34	4198.16	4	9422	
25	26	1	4	6	3	50455	66998055	60759	71514379	0.000865531	0.000675223	0	0.00408214	1177.02	2125.4	5	9422	
25	26	8	5	1	3	57950	63455958	64528	65381952	0.000919114	0.000609927	0	0.00408214	1013.23	2080.37	5	9422	
25	26	8	6	2	3	41935	52646863	51511	56225054	0.000874941	0.000706781	0	0.00408214	1091.52	2281.74	4	9422	
25	26	4	7	1	3	46832	68055692	49615	69910899	0.00101968	0.000649613	0	0.00383214	1409.07	2274.51	5	9422	
26	27	1	1	7	3	49108	60126208	55968	61967753	0.000939397	0.000681708	0	0.00408214	1107.2	2268.48	5	9422	
26	27	1	2	2	3	11372	42137865	17042	44560525	0.00106624	0.00113289	0	0.00383214	2614.75	3578.85	5	9422	
26	27	1	3	3	3	9115	36909259	13150	37650738	0.00122984	0.00121866	0	0.00383214	2863.17	4102.2	4	9422	
26	27	1	4	1	3	52328	69543875	62948	74103748	0.000866619	0.000675284	0	0.00408214	1177.22	2131.01	5	9422	
26	27	8	5	1	3	61637	67369568	68451	69432964	0.000915953	0.00060278	0	0.00408214	1014.35	2057.4	5	9422	
26	27	8	6	2	3	44014	54412237	54009	58114571	0.000873457	0.000703329	0	0.00408214	1076.02	2275	4	9422	
26	27	4	7	1	3	49231	70673601	52083	72557816	0.00101897	0.000646661	0	0.00383214	1393.12	2265.38	5	9422	
27	28	1	1	7	3	49306	61443574	56162	63284692	0.000944522	0.000689813	0	0.00408214	1126.82	2301.4	5	9422	
27	28	1	2	2	3	11515	43409862	17190	45833047	0.00108202	0.00114174	0	0.00383214	2666.26	3610.46	5	9422	
27	28	1	3	3	3	9474	38281642	13527	39024882	0.0012486	0.00122014	0	0.00408214	2884.96	4114.3	4	9422	
27	28	6	4	1	3	54989	73324343	66575	78462993	0.000859818	0.000673788	0	0.00408214	1178.57	2111.3	5	9422	
27	28	1	5	1	3	65114	72052357	72135	74228655	0.000916915	0.000598923	0	0.00408214	1029.02	2037.75	5	9422	
27	28	1	6	1	3	45428	56200578	55712	59964118	0.00087599	0.000703931	0	0.00408214	1076.32	2282.71	4	9422	
27	28	4	7	1	3	51315	73325122	54219	75241877	0.00101855	0.000645209	0	0.00383214	1387.74	2259.4	5	9422	
28	29	2	1	1	3	50109	63617834	57210	65652484	0.000944508	0.000695212	0	0.00408214	1147.57	2319.54	5	9422	
28	29	1	2	2	3	11658	44677433	17333	47100618	0.00109784	0.00115018	0	0.00383214	2717.4	3640.63	5	9422	
28	29	1	3	3	3	10519	40070573	14647	40821129	0.00124181	0.00119425	0	0.00408214	2787	4050.96	4	9422	
28	29	6	4	1	3	55840	75370639	67604	80554117	0.00086352	0.000679384	0	0.00408214	1191.56	2132.29	5	9422	
28	29	8	5	1	3	66710	74277854	73886	76463754	0.000918918	0.000601657	0	0.00408214	1034.89	2049.61	5	9422	
28	29	1	6	1	3	45571	57500908	55981	61273561	0.000879444	0.000711602	0	0.00408214	1094.54	2313.84	4	9422	
28	29	4	7	1	3	53458	75958084	56415	77910953	0.00101842	0.000643836	0	0.00383214	1381.03	2253.65	5	9422	
29	30	1	1	1	3	51444	65247811	59119	67378428	0.00094183	0.00069939	0	0.00408214	1139.71	2323.44	5	9422	
29	30	1	2	2	3	11801	45977802	17509	48404452	0.00111131	0.00115813	0	0.00383214	2764.55	3670.14	5	9422	
29	30	2	3	3	3	10761	41405705	14820	42142311	0.00126026	0.00120133	0	0.00408214	2843.61	4078.98	4	9422	
29	30	6	4	1	3	57689	78621418	69630	84004549	0.000869852	0.000680168	0	0.00408214	1206.44	2134.89	5	9422	
29	30	8	5	1	3	68261	76018999	75772	78255153	0.00091821	0.000605133	0	0.00408214	1032.77	2058.76	5	9422	
29	30	1	6	1	3	46004	58920100	57112	62861876	0.000874912	0.00072005	0	0.00408214	1100.68	2331.11	4	9422	
29	30	1	7	1	3	54587	78578340	57652	80682022	0.0010218	0.00064686	0	0.00383214	1399.47	2263.58	5	9422	
30	31	2	1	7	3	51587	66550208	59556	68703457	0.000942122	0.000707183	0	0.00408214	1153.59	2349.38	5	9422	
30	31	1	2	2	3	11944	47325148	17695	49756313	0.00112387	0.00116569	0	0.00383214	2811.89	3701.55	5	9422	
30	31	2	3	2	3	13321	44224257	17773	45027784	0.00119702	0.00113346	0	0.00408214	2533.49	3863.91	4	9422	
30	31	6	4	1	3	60313	81250884	72325	86661241	0.000875042	0.000676829	0	0.00408214	1198.22	2127.36	5	9422	
30	31	1	5	5	3	71465	79192833	79175	81473506	0.000919183	0.000602697	0	0.00408214	1029.03	2051.18	5	9422	
30	31	1	6	1	3	46248	60207242	57263	64144220	0.000880386	0.000727025	0	0.00408214	1120.17	2361.54	4	9422	
30	31	4	7	1	3	55774	81211941	58967	83470640	0.00102569	0.000649539	0	0.00383214	1415.55	2271.79	5	9422	
31	32	1	1	7	3	52981	68382298	61086	70584713	0.000944671	0.000707463	0	0.00408214	1155.5	2356.34	5	9422	
31	32	3	2	2	3	12087	48672494	17884	51099172	0.00113581	0.00117286	0	0.00383214	2857.26	3731.06	5	9422	
31	32	1	3	2	3	15274	46355616	19827	47196513	0.00117285	0.00109445	0	0.00408214	2380.42	3759.57	4	9422	
31	32	6	4	1	3	62057	83875516	74122	89308568	0.000878395	0.000676457	0	0.00408214	1204.89	2134.31	5	9422	
31	32	1	5	5	3	73594	81271574	81821	83660538	0.000917044	0.000605145	0	0.00408214	1022.48	2051.2	5	9422	
31	32	1	6	2	3	46788	61847460	57807	65781642	0.000885592	0.000732064	0	0.00408214	1137.95	2385.2	4	9422	
31	32	4	7	1	3	56943	83840108	60258	86259796	0.00102862	0.000652023	0	0.00383214	1431.51	2278.53	5	9422	
32	33	1	1	1	3	53304	69896786	61444	72116285	0.000948877	0.000713552	0	0.00408214	1173.69	2381.44	5	9422	
32	33	1	2	2	3	12230	49999252	18106	52434225	0.00114558	0.00117971	0	0.00383214	2895.96	3756.31	5	9422	
32	33	1	3	3	3	15509	47687563	19972	48519175	0.0011862	0.00110162	0	0.00408214	2429.36	3791.1	4	9422	
32	33	1	4	1	3	63254	86500412	75466	92117911	0.000883864	0.000679058	0	0.00408214	1220.65	2144.24	5	9422	
32	33	1	5	5	3	76090	85224505	84427	87626778	0.000918529	0.000604181	0	0.00408214	1037.9	2053.49	5	9422	
32	33	1	6	1	3	46959	63177482	57949	67100292	0.000890773	0.000738602	0	0.00408214	1157.92	2416.25	4	9422	
32	33	4	7	1	3	58086	86438775	61505	89005469	0.00103142	0.000654339	0	0.00383214	1447.13	2288.3	5	9422	
33	34	1	1	7	3	53447	71244132	62104	73612286	0.000945653	0.00072171	0	0.00408214	1185.31	2402.9	5	9422	
33	34	1	2	2	3	12372	51281257	18287	53729642	0.0011577	0.00118635	0	0.00383214	2938.13	3779.93	5	9422	
33	34	1	3	3	3	15754	49019591	20119	49841573	0.00119942	0.00110839	0	0.00408214	2477.34	3820.88	4	9422	
33	34	1	4	1	3	65848	89109368	78109	94749124	0.000888782	0.000676274	0	0.00408214	1213.04	2139.69	5	9422	
33	34	8	5	1	3	78735	89193549	87210	91635443	0.000920316	0.000603285	0	0.00408214	1050.74	2054.31	5	9422	
33	34	1	6	1	3	47102	64510508	58092	68433318	0.000895965	0.00074506	0	0.00408214	1178.02	2447.05	4	9422	
33	34	4	7	1	3	59215	89083108	62713	91756850	0.00103349	0.000656584	0	0.00383214	1463.12	2298.04	5	9422	
34	35	1	1	7	3	53590	72560352	62247	74928506	0.000950372	0.000727559	0	0.00408214	1203.73	2430.88	5	9422	
34	35	1	2	2	3	12515	52571383	18473	55024283	0.00116927	0.00119269	0	0.00383214	2978.63	3802.11	5	9422	
34	35	1	3	3	3	15999	50347502	20262	51158820	0.00121212	0.00111471	0	0.00408214	2524.87	3849.56	4	9422	
34	35	1	4	6	3	67148	91006972	79503	96655605	0.000892596	0.000678023	0	0.00408214	1215.75	2151.26	5	9422	
34	35	1	5	1	3	81006	91449426	89595	93924485	0.000923231	0.00060388	0	0.00408214	1048.32	2055.81	5	9422	
34	35	1	6	1	3	47244	65848432	58235	69780664	0.000901131	0.000751395	0	0.00408214	1198.26	2477.87	4	9422	
34	35	4	7	1	3	60465	91702929	64046	94479080	0.00103515	0.000658296	0	0.00383214	1475.18	2303.78	5	9422	
35	36	1	1	7	3	53732	73872120	62390	76249696	0.00095507	0.000733304	0	0.00408214	1222.15	2458.57	5	9422	
35	36	1	2	2	3	12658	53886100	18685	56346245	0.00117896	0.00119874	0	0.00383214	3015.59	3823.61	5	9422	
35	36	1	3	3	3	16240	51687381	20410	52488934	0.00122492	0.00112114	0	0.00408214	2571.73	3877.41	4	9422	
35	36	6	4	6	3	67404	92364659	79766	98014001	0.000897444	0.000684714	0	0.00408214	1228.77	2175.97	5	9422	
35	36	1	5	5	3	82197	92907119	90893	95380182	0.000925685	0.000606956	0	0.00408214	1049.37	2069.28	5	9422	
35	36	8	6	2	3	48504	67922722	59957	72051194	0.000899394	0.000752628	0	0.00408214	1201.71	2476.12	4	9422	
35	36	1	7	1	3	61649	94316091	65376	97274426	0.00103818	0.000660599	0	0.00383214	1487.92	2311.05	5	9422	
36	37	2	1	1	3	53875	75133874	62562	77514462	0.000959301	0.000739067	0	0.00408214	1239	2482.7	5	9422	
36	37	1	2	2	3	12801	55181368	18854	57644243	0.00119115	0.00120458	0	0.00383214	3057.4	3844.67	5	9422	
36	37	1	3	3	3	16457	53004202	20552	53788563	0.00123718	0.0011269	0	0.00408214	2617.19	3903.14	4	9422	
36	37	6	4	1	3	67646	93690640	80013	99349742	0.000902605	0.000691242	0	0.00408214	1241.67	2199.55	5	9422	
36	37	8	5	1	3	85410	96546114	94390	99117982	0.000924007	0.000604036	0	0.00408214	1050.09	2058.42	5	9422	
36	37	8	6	2	3	50982	69585712	63190	73796141	0.00089316	0.000746849	0	0.00408214	1167.85	2452.49	4	9422	
36	37	1	7	1	3	62897	96969638	66798	100139017	0.00104132	0.000662659	0	0.00383214	1499.13	2314.35	5	9422	
37	38	2	1	1	3	55016	76623377	64979	79227050	0.000943765	0.000744156	0	0.00408214	1219.27	2471.61	5	9422	
37	38	1	2	2	3	12944	56505380	18997	58968255	0.00120476	0.00121018	0	0.00383214	3104.08	3868.02	5	9422	
37	38	1	3	3	3	16600	54309262	20731	55096242	0.00124719	0.00113266	0	0.00408214	2657.67	3925.59	4	9422	
37	38	6	4	1	3	69575	95505459	81970	101167240	0.000905535	0.000689589	0	0.00408214	1234.2	2203.25	5	9422	
37	38	8	5	1	3	86175	98189301	95271	100795204	0.000926343	0.000607776	0	0.00408214	1057.98	2075.36	5	9422	
37	38	8	6	2	3	53164	71737747	65516	75979585	0.000896243	0.000742456	0	0.00408214	1159.71	2444.03	4	9422	
37	38	4	7	1	3	64048	99585983	68033	102854163	0.00104238	0.000664673	0	0.00383214	1511.83	2319.41	5	9422	
38	39	1	1	7	3	58082	78697962	68099	81308662	0.000944521	0.000734727	0	0.00408214	1193.98	2448.59	5	9422	
38	39	1	2	2	3	13087	57767376	19143	60221249	0.00121783	0.00121549	0	0.00383214	3145.86	3886.25	5	9422	
38	39	1	3	3	3	16742	55602430	21208	56435528	0.00123937	0.00113984	0	0.00408214	2661.05	3931	4	9422	
38	39	6	4	1	3	72700	101829562	85388	107742436	0.000904463	0.000683897	0	0.00408214	1261.8	2192.72	5	9422	
38	39	8	5	1	3	89359	101004490	98648	103674036	0.000926006	0.000604821	0	0.00408214	1050.95	2066.42	5	9422	
38	39	1	6	1	3	55195	73560184	67730	77820639	0.000897914	0.000738695	0	0.00408214	1148.98	2437.75	4	9422	
38	39	4	7	1	3	65253	102220496	69381	105673439	0.00104483	0.000666611	0	0.00383214	1523.09	2325.31	5	9422	
39	40	1	1	7	3	58825	80178177	68861	82791001	0.000948716	0.000737852	0	0.00408214	1202.29	2465.44	5	9422	
39	40	1	2	2	3	13230	59055374	19328	61513657	0.00122837	0.00122061	0	0.00383214	3182.62	3903.78	5	9422	
39	40	1	3	3	3	16885	56927244	21351	57760342	0.00125116	0.00114505	0	0.00408214	2705.28	3955.09	4	9422	
39	40	6	4	1	3	74156	104908219	86986	111013772	0.000908938	0.000684935	0	0.00408214	1276.23	2197.84	5	9422	
39	40	8	5	1	3	92090	103818938	101574	106503649	0.00092576	0.00060337	0	0.00408214	1048.53	2064.92	5	9422	
39	40	8	6	2	3	56215	74949921	68802	79203948	0.000901615	0.000740004	0	0.00408214	1151.19	2448.73	4	9422	
39	40	4	7	1	3	66759	104840569	71001	108432490	0.00104606	0.000667443	0	0.00383214	1527.2	2326.26	5	9422	
40	41	2	1	7	3	60819	81989313	71224	84667565	0.000948799	0.000736461	0	0.00408214	1188.75	2456.56	5	9422	
40	41	1	2	2	3	13372	60352002	19474	62820022	0.00124119	0.00122549	0	0.00383214	3225.84	3923.15	5	9422	
40	41	1	3	3	3	17028	58246645	21494	59079743	0.0012628	0.00115006	0	0.00408214	2748.66	3977.82	4	9422	
40	41	1	4	1	3	75889	107547161	88792	113730535	0.000911907	0.000684567	0	0.00408214	1280.86	2200.33	5	9422	
40	41	1	5	5	3	93429	106161224	102909	108841770	0.000928026	0.000605227	0	0.00408214	1057.65	2077.53	5	9422	
40	41	8	6	2	3	57122	76459219	69754	80711326	0.000906082	0.000742513	0	0.00408214	1157.09	2462.73	4	9422	
40	41	4	7	1	3	67879	107450701	72191	111137688	0.00104712	0.0006691	0	0.00383214	1539.5	2332.86	5	9422	
41	42	2	1	7	3	63133	83874214	73796	86605938	0.000949212	0.000732991	0	0.00408214	1173.59	2443.27	5	9422	
41	42	1	2	2	3	13515	61690434	19634	64160239	0.00125292	0.00123017	0	0.00383214	3267.81	3943.02	5	9422	
41	42	1	3	2	3	17173	59541767	21699	60378521	0.00127075	0.00115521	0	0.00408214	2782.55	3995.14	4	9422	
41	42	6	4	1	3	77570	110158234	90534	116391283	0.000914258	0.000684082	0	0.00408214	1285.61	2200.57	5	9422	
41	42	1	5	5	3	93640	107471580	103249	110159755	0.000929718	0.000610046	0	0.00408214	1066.93	2096.4	5	9422	
41	42	8	6	2	3	59647	79602119	73206	84104335	0.000899822	0.000740206	0	0.00433214	1148.87	2433.71	4	9422	
41	42	4	7	1	3	69025	110102353	73471	113967254	0.00104938	0.000670892	0	0.00383214	1551.19	2338.12	5	9422	
42	43	2	1	1	3	64141	85438115	75827	88425847	0.000941753	0.000738257	0	0.00408214	1166.15	2439.24	5	9422	
42	43	1	2	2	3	13658	62990346	19797	65462251	0.00126428	0.00123465	0	0.00383214	3306.68	3959.68	5	9422	
42	43	1	3	3	3	17316	60855179	21860	61692951	0.00128102	0.00115995	0	0.00408214	2822.18	4015.07	4	9422	
42	43	6	4	1	3	80324	112810387	93329	119064365	0.000916139	0.00068008	0	0.00408214	1275.75	2194.64	5	9422	
42	43	8	5	1	3	95283	109227511	105442	111987036	0.000927453	0.000612844	0	0.00408214	1062.07	2100.2	5	9422	
42	43	1	6	1	3	60469	81031035	74137	85541207	0.000903589	0.000742589	0	0.00433214	1153.83	2447.86	4	9422	
42	43	4	7	1	3	70632	112710424	75131	116621825	0.00104836	0.000670558	0	0.00383214	1552.25	2338.45	5	9422	
43	44	2	1	1	3	64590	86803787	76376	89802242	0.000945005	0.000742374	0	0.00408214	1175.79	2456.83	5	9422	
43	44	1	2	2	3	13801	64272011	19979	66748011	0.00127423	0.00123897	0	0.00383214	3340.91	3974.09	5	9422	
43	44	1	3	3	3	17459	62138038	22042	62970340	0.00128977	0.0011646	0	0.00408214	2856.83	4031.32	4	9422	
43	44	6	4	1	3	81626	115345437	94678	121648251	0.000918052	0.000680806	0	0.00408214	1284.86	2201.9	5	9422	
43	44	1	5	5	3	95686	110540779	105789	113294881	0.000930707	0.000617629	0	0.00408214	1070.95	2116.72	5	9422	
43	44	1	6	1	3	60814	82401393	74497	86912537	0.000908059	0.000747086	0	0.00433214	1166.66	2469.27	4	9422	
43	44	1	7	1	3	71765	115345641	76344	119371210	0.00104945	0.000671937	0	0.00383214	1563.6	2344.17	5	9422	
44	45	1	1	7	3	65372	88206342	77219	91209342	0.000948908	0.000744899	0	0.00408214	1181.18	2468.77	5	9422	
44	45	1	2	1	3	13944	65619357	20165	68099872	0.00128375	0.00124314	0	0.00383214	3377.13	3991.36	5	9422	
44	45	1	3	3	3	17602	63476220	22474	64330295	0.00128406	0.00117056	0	0.00408214	2862.43	4038.4	4	9422	
44	45	6	4	1	3	83538	118056924	96619	124361696	0.000919655	0.000679362	0	0.00408214	1287.13	2204.05	5	9422	
44	45	1	5	5	3	96283	112738338	107746	116388674	0.000921627	0.000625715	0	0.00408214	1080.21	2121.3	5	9422	
44	45	1	6	1	3	61119	83758602	74803	88269831	0.00091261	0.000751769	0	0.00433214	1180.03	2491.01	4	9422	
44	45	4	7	1	3	72918	117985343	77571	122097153	0.00105032	0.000673357	0	0.00383214	1574.01	2349.7	5	9422	
45	46	1	1	7	3	65635	89543291	77552	92552309	0.00095201	0.000749435	0	0.00408214	1193.42	2488.37	5	9422	
45	46	1	2	2	3	14087	66966703	20364	69443781	0.00129213	0.00124714	0	0.00383214	3410.12	4007.36	5	9422	
45	46	1	3	3	3	17851	64786166	22782	65655029	0.00129386	0.00117484	0	0.00408214	2881.88	4049.06	4	9422	
45	46	6	4	1	3	86146	120669351	99297	127004449	0.000921223	0.00067631	0	0.00408214	1279.04	2199.9	5	9422	
45	46	1	5	1	3	97459	114217145	109005	117875775	0.000923952	0.000627768	0	0.00408214	1081.38	2130.43	5	9422	
45	46	1	6	1	3	61745	85126835	75459	89639473	0.000916851	0.000755256	0	0.00433214	1187.92	2505.97	4	9422	
45	46	4	7	1	3	74257	120606452	79019	124860488	0.00105176	0.000674468	0	0.00383214	1580.13	2352.47	5	9422	
46	47	1	1	7	3	67564	92281898	79542	95295158	0.000953844	0.000746657	0	0.00408214	1198.05	2485.56	5	9422	
46	47	1	2	2	3	14230	68310300	20554	70792313	0.00130105	0.00125101	0	0.00383214	3444.21	4022.92	5	9422	
46	47	1	3	3	3	18187	66086440	23111	66954595	0.0013036	0.00117633	0	0.00408214	2897.09	4056.98	4	9422	
46	47	6	4	1	3	88804	123325411	102021	129682541	0.000922241	0.000672974	0	0.00408214	1271.14	2195.55	5	9422	
46	47	8	5	5	3	97893	115596394	109396	119250536	0.000927145	0.000631936	0	0.00408214	1090.08	2147.58	5	9422	
46	47	1	6	1	3	62016	86412716	75730	90915999	0.000921471	0.000760547	0	0.00433214	1200.53	2524.41	4	9422	
46	47	4	7	1	3	75586	123221654	80462	127613920	0.00105301	0.000675291	0	0.00383214	1586.01	2355.97	5	9422	
47	48	1	1	7	3	67724	93561933	79759	96570742	0.000956732	0.000751324	0	0.00408214	1210.78	2504.19	5	9422	
47	48	1	2	2	3	14372	69625898	20729	72120693	0.00131077	0.00125469	0	0.00383214	3479.22	4037.48	5	9422	
47	48	2	3	2	3	18947	67494479	23903	68365521	0.00130541	0.00116893	0	0.00408214	2860.12	4043.47	4	9422	
47	48	1	4	1	3	90811	125956813	104068	132346311	0.000923726	0.000672093	0	0.00408214	1271.73	2196.19	5	9422	
47	48	1	5	5	3	98529	116944176	110229	120614897	0.000928284	0.000635567	0	0.00408214	1094.22	2160.42	5	9422	
47	48	1	6	1	3	63990	89264103	77773	93778069	0.000924706	0.000757945	0	0.00433214	1205.79	2518.63	4	9422	
47	48	4	7	1	3	77052	125856635	82026	130362128	0.00105376	0.000675476	0	0.00383214	1589.28	2357.52	5	9422	
48	49	2	1	1	3	69516	95270511	81915	98345883	0.000954797	0.000749946	0	0.00408214	1200.58	2498.46	5	9422	
48	49	1	2	2	3	14515	70919711	20875	73414821	0.00132215	0.00125813	0	0.00383214	3516.88	4050.42	5	9422	
48	49	1	3	2	3	19170	68786837	24119	69655572	0.00131492	0.00117322	0	0.00408214	2888	4056.55	4	9422	
48	49	6	4	1	3	92989	128590858	106299	135002296	0.000925648	0.000670865	0	0.00408214	1270.02	2194.16	5	9422	
48	49	1	5	5	3	99071	119090370	110763	122756125	0.000931221	0.000639182	0	0.00408214	1108.28	2176.43	5	9422	
48	49	8	6	2	3	65376	90964524	79310	95506412	0.000926741	0.000757699	0	0.00433214	1204.22	2521.34	4	9422	
48	49	4	7	1	3	79170	128486942	84236	133056537	0.00105304	0.000674162	0	0.00383214	1579.57	2351.63	5	9422	
49	50	1	1	7	3	72298	98324286	84760	101431807	0.000955312	0.000744005	0	0.00408214	1196.69	2481.87	5	9422	
49	50	1	2	2	3	14658	72190169	21050	74688639	0.00133154	0.00126152	0	0.00383214	3548.15	4060.82	5	9422	
49	50	1	3	3	3	19637	70126779	24668	70999146	0.00131539	0.00117092	0	0.00408214	2878.19	4056.16	4	9422	
49	50	6	4	1	3	95287	131180711	108707	137635400	0.000927	0.000669196	0	0.00408214	1266.11	2192.59	5	9422	
49	50	1	5	5	3	99247	120440072	110940	124096864	0.000933597	0.000643165	0	0.00408214	1118.59	2194.99	5	9422	
49	50	8	6	2	3	67419	92693099	81377	97236521	0.000929569	0.000754351	0	0.00433214	1194.89	2515.81	4	9422	
49	50	4	7	1	3	81131	131121017	86249	135745003	0.00105211	0.000672687	0	0.00383214	1573.87	2347.46	5	9422	
50	51	1	1	7	3	72542	99615689	84903	102714899	0.000958756	0.000748092	0	0.00408214	1209.79	2500.46	5	9422	
50	51	3	2	1	3	14801	73501769	21279	76009269	0.00133737	0.00126497	0	0.00383214	3572.03	4071.45	5	9422	
50	51	1	3	3	3	20825	71629876	26057	72510231	0.00130104	0.00115597	0	0.00408214	2782.75	4015.19	4	9422	
50	51	6	4	1	3	97131	133837145	110601	140337164	0.000928493	0.000668458	0	0.00408214	1268.86	2193.85	5	9422	
50	51	1	5	5	3	99405	121764460	111139	125423569	0.000935808	0.000647196	0	0.00408214	1128.53	2212.59	5	9422	
50	51	1	6	2	3	70810	96483513	84836	101054323	0.000931197	0.00074581	0	0.00433214	1191.17	2487.99	4	9422	
50	51	1	7	1	3	83886	133754373	89068	138406581	0.0010487	0.000668481	0	0.00383214	1553.94	2339.24	5	9422	
51	52	1	1	7	3	72732	100917038	85109	104017138	0.000962115	0.000752674	0	0.00408214	1222.16	2518.56	5	9422	
51	52	1	2	2	3	14944	74801275	21458	77312555	0.0013462	0.00126813	0	0.00383214	3602.97	4082.51	5	9422	
51	52	1	3	3	3	22106	73230821	27440	74122597	0.00128921	0.00114001	0	0.00408214	2701.26	3972.93	4	9422	
51	52	6	4	1	3	99097	136480188	112619	143009243	0.00092961	0.000667523	0	0.00408214	1269.85	2193.69	5	9422	
51	52	1	5	5	3	100267	123575299	112179	127260765	0.000936275	0.000649918	0	0.00408214	1134.44	2221.48	5	9422	
51	52	1	6	1	3	70993	97799354	85015	102369905	0.0009348	0.000750474	0	0.00433214	1204.14	2507.12	4	9422	
51	52	4	7	1	3	86433	136175051	91655	140846424	0.00104656	0.000665237	0	0.00383214	1536.7	2334.41	5	9422	
52	53	1	1	7	3	73226	102848305	85586	105946951	0.000964914	0.000755936	0	0.00408214	1237.9	2533.61	5	9422	
52	53	3	2	2	3	15087	76053811	21660	78561969	0.00135332	0.00127124	0	0.00383214	3627.05	4090.19	5	9422	
52	53	2	3	2	3	22510	74577425	27875	75480937	0.00129408	0.0011396	0	0.00408214	2707.84	3978.64	4	9422	
52	53	6	4	1	3	100790	139097856	114395	145711331	0.000931471	0.00066757	0	0.00408214	1273.76	2195.08	5	9422	
52	53	1	5	5	3	100615	124903744	112528	128589315	0.000939496	0.000654083	0	0.00408214	1142.73	2236.9	5	9422	
52	53	1	6	1	3	71227	99117653	85161	103679441	0.000938235	0.000754603	0	0.00433214	1217.45	2526.26	4	9422	
52	53	4	7	4	3	87806	139002999	93125	143794267	0.00104712	0.000665906	0	0.00383214	1544.1	2337.66	5	9422	
53	54	1	1	1	3	73956	104331549	86628	107466257	0.000964602	0.000758508	0	0.00408214	1240.55	2542.29	5	9422	
53	54	1	2	2	3	15230	77377688	21876	79893511	0.00135957	0.00127432	0	0.00383214	3652.11	4100.73	5	9422	
53	54	1	3	3	3	22739	75885028	28042	76782440	0.00130301	0.0011434	0	0.00408214	2738.12	3994.07	4	9422	
53	54	6	4	1	3	102337	141736413	116037	148454401	0.000933614	0.000668264	0	0.00408214	1279.37	2198.14	5	9422	
53	54	8	5	1	3	102442	127312039	114900	131111658	0.000937803	0.000655688	0	0.00408214	1141.09	2235.11	5	9422	
53	54	1	6	1	3	71471	100462054	85304	105007311	0.000941685	0.000758659	0	0.00433214	1230.98	2545.98	4	9422	
53	54	4	7	1	3	88905	141598635	94332	146541322	0.00104891	0.000667624	0	0.00383214	1553.46	2342.83	5	9422	
54	55	2	1	1	3	74601	105985608	87364	109115311	0.000967402	0.000761264	0	0.00408214	1248.97	2553.39	5	9422	
54	55	1	2	2	3	15372	78671819	22088	81204309	0.00136594	0.00127728	0	0.00383214	3676.4	4109.9	5	9422	
54	55	1	3	3	3	22967	77235086	28252	78131218	0.00131208	0.00114707	0	0.00408214	2765.51	4009.28	4	9422	
54	55	1	4	1	3	104007	144354980	117842	151233955	0.000936034	0.000668467	0	0.00408214	1283.36	2199.65	5	9422	
54	55	1	5	5	3	104876	130328931	117611	134192548	0.000937213	0.00065446	0	0.00408214	1140.99	2230.33	5	9422	
54	55	1	6	1	3	71889	101939831	85762	106496834	0.000944121	0.000761874	0	0.00433214	1241.77	2560.97	4	9422	
54	55	4	7	1	3	90170	144271036	95678	149321256	0.00104973	0.000668462	0	0.00383214	1560.66	2344.44	5	9422	
55	56	2	1	1	3	76798	108589601	89814	111756179	0.000966391	0.000757984	0	0.00408214	1244.31	2542.51	5	9422	
55	56	1	2	1	3	15515	79926880	22284	82464935	0.00137318	0.00128009	0	0.00383214	3700.63	4116.98	5	9422	
55	56	1	3	3	3	23166	78534092	28494	79432634	0.00131859	0.00115034	0	0.00408214	2787.7	4020.72	4	9422	
55	56	6	4	1	3	106536	146961428	121079	153949422	0.000931784	0.000667744	0	0.00408214	1271.48	2192.87	5	9422	
55	56	1	5	1	3	107156	132727962	120012	136618122	0.00093883	0.000653631	0	0.00408214	1138.37	2228.66	5	9422	
55	56	1	6	1	3	72031	103250622	86233	107835693	0.000943939	0.000766603	0	0.00433214	1250.52	2575.79	4	9422	
55	56	4	7	1	3	91331	146895234	96969	152114407	0.00105148	0.000669963	0	0.00383214	1568.69	2347.25	5	9422	
56	57	2	1	1	3	79451	111438318	92640	114651790	0.000966381	0.000753112	0	0.00408214	1237.61	2529.1	5	9422	
56	57	3	2	1	3	15658	81256400	22473	83799285	0.00138072	0.00128277	0	0.00383214	3728.89	4127.18	5	9422	
56	57	1	3	3	3	23400	79840323	28651	80733659	0.00132698	0.00115357	0	0.00408214	2817.83	4035.26	4	9422	
56	57	1	4	6	3	108291	149629187	123367	157038795	0.000929618	0.000668639	0	0.00408214	1272.94	2189.78	5	9422	
56	57	1	5	5	3	110731	137189672	123723	141131431	0.000939343	0.000649717	0	0.00408214	1140.7	2213.73	5	9422	
56	57	1	6	1	3	72174	104517862	86479	109107909	0.000946215	0.00077075	0	0.00433214	1261.67	2591.39	4	9422	
56	57	1	7	1	3	92727	149508499	98467	154847186	0.00105215	0.000670642	0	0.00383214	1572.58	2349.73	5	9422	
57	58	2	1	1	3	81430	113209916	94710	116434423	0.00096716	0.000750346	0	0.00408214	1229.38	2525.37	5	9422	
57	58	1	2	2	3	15801	82581126	22652	85127791	0.00138875	0.0012853	0	0.00383214	3758.07	4136.93	5	9422	
57	58	2	3	2	3	23710	81167888	28891	82047906	0.00133449	0.0011557	0	0.00408214	2839.91	4045.14	4	9422	
57	58	6	4	1	3	109929	152247520	125095	159750008	0.00093144	0.000668712	0	0.00408214	1277.03	2192.1	5	9422	
57	58	8	5	1	3	112669	140338455	125683	144291948	0.000941204	0.000649475	0	0.00408214	1148.06	2216.22	5	9422	
57	58	1	6	1	3	72402	105820991	86639	110406110	0.000949482	0.000774649	0	0.00433214	1274.32	2608.71	4	9422	
57	58	1	7	4	3	93836	152119997	99669	157584276	0.00105325	0.000671947	0	0.00383214	1581.08	2354.62	5	9422	
58	59	1	1	7	3	82125	114607059	95459	117836090	0.000970493	0.000752951	0	0.00408214	1234.42	2535.7	5	9422	
58	59	1	2	2	3	15944	83853018	22856	86406088	0.00139512	0.00128787	0	0.00383214	3780.46	4143.57	5	9422	
58	59	1	3	3	3	23898	82532818	29172	83421645	0.00133802	0.00115852	0	0.00408214	2859.65	4055.36	4	9422	
58	59	6	4	1	3	111363	154872660	126643	162498321	0.000933592	0.000669387	0	0.00408214	1283.12	2195.25	5	9422	
58	59	8	5	1	3	114009	142649724	127131	146644966	0.00094201	0.000650802	0	0.00408214	1153.49	2222.34	5	9422	
58	59	1	6	1	3	73724	107477656	88234	112086665	0.000949854	0.000774604	0	0.00433214	1270.33	2609.1	4	9422	
58	59	4	7	1	3	95005	154740925	100921	160301532	0.00105443	0.000672925	0	0.00383214	1588.39	2358.83	5	9422	
59	60	2	1	1	3	83259	116326705	96766	119591122	0.00097252	0.000754025	0	0.00408214	1235.88	2537.64	5	9422	
59	60	3	2	1	3	16075	85011597	23066	87580729	0.00139946	0.00129027	0	0.00383214	3796.96	4149.27	5	9422	
59	60	1	3	3	3	24029	83760892	29305	84662355	0.00134546	0.00116126	0	0.00408214	2889.01	4069.76	4	9422	
59	60	1	4	6	3	113148	157286555	128481	164966299	0.000934566	0.000668651	0	0.00408214	1283.97	2195.14	5	9422	
59	60	8	5	1	3	116693	144543476	129891	148550376	0.000942785	0.00064852	0	0.00408214	1143.65	2218.3	5	9422	
59	60	8	6	2	3	74236	108914598	89028	113642297	0.000949887	0.000777088	0	0.00433214	1276.48	2616.29	4	9422	
59	60	1	7	4	3	96559	157177071	102603	162875519	0.00105464	0.000673067	0	0.00383214	1587.43	2357.22	5	9422	
