% start	end	CellId	IMSI	RNTI	LCID	nTxPDUs	TxBytes	nRxPDUs	RxBytes	delay	stdDev	min	max	PduSize	stdDev	min	max
0	1	4	1	1	3	3095	2103164	3325	2148286	0.000903944	0.000490045	0	0.003	646.101	1744.21	10	9422	
0	1	3	2	1	3	2307	2283612	2995	2512533	0.000801412	0.000626867	0	0.00306428	838.909	1750.04	6	9422	
0	1	3	3	2	3	2412	2326934	2666	2437240	0.000949229	0.000556948	0	0.003	914.194	1875.17	10	9422	
0	1	1	4	6	3	220	1202545	126	1183358	0.003	0	0.003	0.003	9391.73	262.923	6560	9422	
0	1	2	5	1	3	1902	2308220	1949	2323585	0.000983764	0.000593309	0	0.003	1192.19	2185.53	23	9422	
0	1	4	6	2	3	2820	1773047	3038	1813446	0.000918878	0.000508127	0	0.003	596.921	1781.94	13	9422	
0	1	1	7	4	3	655	1631153	685	1632642	0.00119445	0.000904975	0	0.003	2383.42	3356.86	62	9422	
1	2	4	1	1	3	5931	4963972	6340	5071534	0.000928058	0.000515707	0	0.003	799.926	1817.43	10	9422	
1	2	3	2	1	3	4775	4964305	5661	5281384	0.00088382	0.000612416	0	0.00306428	932.942	1848.22	6	9422	
1	2	1	3	2	3	4346	4960494	4759	5183596	0.000985892	0.000588926	0	0.003	1089.22	2021.61	10	9422	
1	2	1	4	6	3	464	2504949	269	2484474	0.003	0	0.003	0.003	9235.96	715.056	4301	9422	
1	2	2	5	1	3	4170	4963171	4274	5004900	0.000988493	0.00059791	0	0.003	1171.01	2149.21	23	9422	
1	2	4	6	2	3	3987	3788327	4301	3866960	0.000963128	0.000592849	0	0.003	899.084	2141.99	13	9422	
1	2	1	7	4	3	798	2912673	879	2909736	0.00141547	0.00109584	0	0.003	3310.28	3925.85	27	9422	
2	3	1	1	1	3	8097	7593555	8630	7760020	0.000946375	0.000543482	0	0.003	899.191	1915.04	10	9422	
2	3	3	2	1	3	6792	7586399	7813	7995968	0.000918974	0.000619283	0	0.00306428	1023.42	1950.17	6	9422	
2	3	3	3	2	3	6124	7592304	6690	7925607	0.00100598	0.00060757	0	0.003	1184.69	2087.3	10	9422	
2	3	1	4	6	3	709	3834363	412	3803178	0.003	0	0.003	0.003	9231.01	778.384	1501	9422	
2	3	2	5	1	3	6280	7566596	6476	7656446	0.00100653	0.000612523	0	0.003	1182.28	2158.38	23	9422	
2	3	1	6	1	3	4999	5620193	5393	5708834	0.000996995	0.000648267	0	0.00408214	1058.56	2376.11	9	9422	
2	3	1	7	4	3	1071	4230482	1279	4241193	0.00142027	0.00115532	0	0.003	3316.02	4052.1	5	9422	
3	4	4	1	1	3	10074	10224880	10674	10427688	0.000961227	0.000561901	0	0.003	976.924	1971.64	10	9422	
3	4	1	2	5	3	9053	10174376	10202	10653121	0.000932589	0.000612051	0	0.00306428	1044.22	1961.53	6	9422	
3	4	3	3	2	3	8014	10207126	8849	10708828	0.0010189	0.000619666	0	0.00383214	1210.17	2099.27	10	9422	
3	4	1	4	6	3	954	5183391	555	5141496	0.003	0	0.003	0.003	9263.96	693.466	1501	9422	
3	4	2	5	1	3	8298	10208530	8563	10333508	0.00101181	0.000615948	0	0.003	1206.76	2170.9	19	9422	
3	4	1	6	1	3	5142	6940414	5546	7029672	0.00104684	0.000715142	0	0.00408214	1267.52	2680.25	9	9422	
3	4	1	7	1	3	1491	5547634	1707	5568285	0.00156016	0.0011464	0	0.00383214	3262.03	4095.56	5	9422	
4	5	4	1	1	3	12985	12865555	13625	13081681	0.000964438	0.000553653	0	0.003	960.123	1955.67	10	9422	
4	5	3	2	1	3	11741	12561439	13576	13249116	0.000905426	0.000611862	0	0.00306428	975.922	1927.27	6	9422	
4	5	1	3	2	3	10343	12293028	12148	12982655	0.00095005	0.000639401	0	0.00383214	1068.71	2032.63	7	9422	
4	5	1	4	6	3	1202	6512271	698	6459351	0.003	0	0.003	0.003	9254.08	706.752	1501	9422	
4	5	1	5	7	3	9894	12286618	10210	12424625	0.00101964	0.00062568	0	0.003	1216.91	2233.66	19	9422	
4	5	1	6	1	3	5285	8287760	5688	8367596	0.0010956	0.000769112	0	0.00408214	1471.1	2936.54	9	9422	
4	5	1	7	4	3	1825	6842761	2050	6864129	0.0016256	0.00114441	0	0.00383214	3348.36	4148.62	5	9422	
5	6	4	1	1	3	15374	15454951	16112	15720993	0.000970074	0.00055635	0	0.003	975.732	1976.48	10	9422	
5	6	3	2	1	3	14471	15457977	16407	16181157	0.00092149	0.000605241	0	0.00306428	986.235	1932.05	6	9422	
5	6	1	3	3	3	10486	13607380	12329	14299064	0.000970899	0.000673739	0	0.00383214	1159.79	2199.96	7	9422	
5	6	1	4	6	3	1353	7830859	841	7777099	0.003	0	0.003	0.003	9247.44	702.781	1501	9422	
5	6	1	5	7	3	10797	14597901	11119	14726920	0.00103544	0.000652418	0	0.00383214	1324.48	2341.37	12	9422	
5	6	4	6	2	3	6198	10280746	7811	11027672	0.000947134	0.000818043	0	0.00408214	1411.81	2762.87	9	9422	
5	6	1	7	4	3	2304	8193769	2530	8214903	0.00163477	0.00113599	0	0.00383214	3247	4150.43	5	9422	
6	7	1	1	2	3	18695	18110469	19714	18460897	0.000957519	0.000547134	0	0.003	936.436	1933.56	10	9422	
6	7	1	2	1	3	16793	17869495	18803	18616032	0.000937312	0.000607269	0	0.00383214	990.056	1952.62	6	9422	
6	7	3	3	2	3	10629	14864363	12530	15560081	0.000989562	0.000705443	0	0.00383214	1241.83	2332.25	7	9422	
6	7	8	4	6	3	1496	9168049	1275	9135527	0.00231294	0.0012611	0	0.003	7165.12	3894.74	105	9422	
6	7	2	5	1	3	12062	17160616	13003	17499316	0.000995491	0.000683643	0	0.00383214	1345.79	2352.98	5	9422	
6	7	4	6	2	3	9324	12311164	11176	13111339	0.000933492	0.000740016	0	0.00408214	1173.17	2546.51	8	9422	
6	7	1	7	4	3	2524	9501491	2741	9521412	0.00170344	0.00115427	0	0.00383214	3473.7	4232.2	5	9422	
7	8	4	1	1	3	20817	20758020	22232	21313059	0.000949011	0.000558988	0	0.003	958.666	1934.36	10	9422	
7	8	3	2	1	3	19684	20724681	21790	21498274	0.000946523	0.000600393	0	0.00383214	986.612	1946.1	6	9422	
7	8	1	3	3	3	10772	16211470	12716	16909642	0.00100882	0.000734008	0	0.00383214	1329.79	2471.66	7	9422	
7	8	1	4	6	3	1639	10505241	1448	10475869	0.00233287	0.00124796	0	0.003	7234.72	3858.58	105	9422	
7	8	2	5	7	3	13912	19877529	16489	20957404	0.000906693	0.000707715	0	0.00383214	1270.99	2248.42	5	9422	
7	8	1	6	1	3	11722	14494070	13776	15329698	0.000934598	0.000713319	0	0.00408214	1112.78	2475.21	8	9422	
7	8	1	7	4	3	2752	10823329	2950	10842051	0.00177305	0.00116722	0	0.00383214	3675.27	4298.09	5	9422	
8	9	4	1	1	3	23256	23386417	24777	23990777	0.000948873	0.000558117	0	0.003	968.268	1942.2	10	9422	
8	9	1	2	5	3	20876	22900039	22982	23682819	0.000958562	0.000611701	0	0.00383214	1030.49	2013.19	6	9422	
8	9	1	3	3	3	10915	17547921	12969	18254705	0.00102222	0.000761859	0	0.00383214	1407.56	2589.98	7	9422	
8	9	8	4	6	3	1791	11842138	1600	11822083	0.00237937	0.00121557	0	0.003	7388.8	3762.96	105	9422	
8	9	1	5	1	3	14296	21199000	17253	22392649	0.000909681	0.000737613	0	0.00383214	1297.9	2318.77	5	9422	
8	9	1	6	1	3	14197	16504591	16737	17434005	0.000923004	0.000698597	0	0.00408214	1041.64	2389.51	4	9422	
8	9	1	7	4	3	3290	12660253	3493	12665328	0.00172538	0.00115364	0	0.00383214	3625.92	4185	5	9422	
9	10	1	1	1	3	25476	25682410	27083	26318614	0.000954084	0.00056268	0	0.003	971.776	1957.2	5	9422	
9	10	1	2	5	3	21021	24220567	23255	25014823	0.00096595	0.000632806	0	0.00383214	1075.68	2104.56	6	9422	
9	10	3	3	2	3	13476	19662377	15783	20406422	0.000999573	0.000733562	0	0.00383214	1292.94	2505.22	5	9422	
9	10	1	4	6	3	2250	13583420	2529	13612932	0.0017744	0.00140313	0	0.003	5382.73	4439.2	12	9422	
9	10	1	5	7	3	14683	22535960	17648	23730103	0.000929998	0.000759299	0	0.00383214	1344.63	2402.95	5	9422	
9	10	1	6	1	3	14435	17846300	16992	18776030	0.00094077	0.000722706	0	0.00408214	1104.99	2491.54	4	9422	
9	10	1	7	4	3	3480	13991203	3636	13991343	0.00177551	0.00115755	0	0.00383214	3848	4247.84	5	9422	
10	11	1	1	2	3	25953	27013346	27580	27641531	0.000965725	0.000581282	0	0.00408214	1002.23	2026.99	5	9422	
10	11	1	2	1	3	21240	25545562	23734	26356247	0.00096748	0.000654074	0	0.00383214	1110.48	2180.73	6	9422	
10	11	3	3	2	3	16927	22857710	19268	23607891	0.000992303	0.000695025	0	0.00383214	1225.24	2396.01	5	9422	
10	11	1	4	6	3	2845	15356414	3047	15382571	0.00171859	0.00134727	0	0.003	5048.43	4387.33	12	9422	
10	11	2	5	1	3	15402	23893880	18375	25088762	0.000946853	0.000773148	0	0.00383214	1365.37	2457.38	5	9422	
10	11	1	6	1	3	15092	19915351	17792	20880648	0.000952732	0.000744654	0	0.00408214	1173.6	2550.19	4	9422	
10	11	1	7	4	3	3660	15325080	4292	15544622	0.00161326	0.00123154	0	0.00383214	3621.77	4202.53	5	9422	
11	12	4	1	1	3	28455	29867943	30346	30519269	0.000958035	0.000580757	0	0.00408214	1005.71	2023.53	5	9422	
11	12	1	2	5	3	21473	26902056	24133	27726990	0.000972711	0.000672425	0	0.00383214	1148.92	2257.4	6	9422	
11	12	3	3	2	3	20690	27222959	23071	28001143	0.000986032	0.000664281	0	0.00383214	1213.69	2284.19	5	9422	
11	12	1	4	6	3	3025	16666927	3190	16689199	0.00177604	0.00134315	0	0.003	5231.72	4373.89	12	9422	
11	12	1	5	7	3	16561	25433353	19614	26634828	0.000955885	0.000773695	0	0.00383214	1357.95	2490.16	5	9422	
11	12	4	6	2	3	17514	22198031	21492	23629364	0.000903282	0.000735805	0	0.00408214	1099.45	2431.24	4	9422	
11	12	1	7	4	3	4220	17131935	4815	17355009	0.00158991	0.00121303	0	0.00383214	3604.36	4141.66	5	9422	
12	13	4	1	1	3	31835	32617874	34017	33354261	0.000952554	0.000573162	0	0.00408214	980.517	1996.39	5	9422	
12	13	1	2	5	3	23008	28617354	26299	29508092	0.00095871	0.000681313	0	0.00383214	1122.02	2257.55	6	9422	
12	13	1	3	3	3	22667	29333121	25319	30171636	0.000983103	0.000661849	0	0.00383214	1191.66	2273.92	4	9422	
12	13	1	4	6	3	3168	17926172	3333	17948444	0.00182855	0.00133723	0	0.003	5385.07	4346.74	12	9422	
12	13	2	5	1	3	17206	26839493	20288	28033804	0.000967527	0.000784923	0	0.00383214	1381.79	2536.85	5	9422	
12	13	1	6	1	3	20174	24608971	24715	26160762	0.000897672	0.000718971	0	0.00408214	1058.5	2365.58	4	9422	
12	13	1	7	4	3	4468	18465158	4958	18677207	0.00163058	0.00121848	0	0.00383214	3767.08	4191.41	5	9422	
13	14	4	1	1	3	35001	35674413	37262	36439210	0.000955341	0.000569292	0	0.00408214	977.919	1979.29	5	9422	
13	14	1	2	1	3	25429	30719889	28812	31625670	0.000962018	0.000673611	0	0.00383214	1097.66	2240.86	6	9422	
13	14	1	3	3	3	23166	30705659	25867	31546601	0.000991858	0.000674609	0	0.00383214	1219.57	2333.83	4	9422	
13	14	1	4	6	3	3311	19186909	3475	19199759	0.00187642	0.00132999	0	0.003	5525.11	4318.79	12	9422	
13	14	2	5	7	3	19039	29010723	23920	30693872	0.000900196	0.000784623	0	0.00383214	1283.19	2439.45	5	9422	
13	14	1	6	1	3	20414	25920549	24858	27476367	0.000909766	0.00073432	0	0.00408214	1105.33	2438.63	4	9422	
13	14	1	7	4	3	4942	20271850	5557	20502187	0.00157097	0.00122303	0	0.00383214	3689.43	4127.7	5	9422	
14	15	4	1	1	3	36765	39142872	39133	40024797	0.000960804	0.000573832	0	0.00408214	1022.79	2005.25	5	9422	
14	15	1	2	5	3	27285	32391002	30762	33300314	0.000964742	0.000670532	0	0.00383214	1082.51	2247.63	6	9422	
14	15	3	3	2	3	24485	32929525	28154	34049768	0.000964119	0.000687914	0	0.00383214	1209.41	2320.68	4	9422	
14	15	1	4	6	3	3454	20475074	3618	20489474	0.00192083	0.0013217	0	0.003	5663.2	4292.11	12	9422	
14	15	2	5	1	3	21553	32862670	27602	35148654	0.000870575	0.000769901	0	0.00383214	1273.41	2358.06	5	9422	
14	15	1	6	1	3	20627	27268135	25012	28819261	0.000922284	0.0007498	0	0.00408214	1152.22	2510.16	4	9422	
14	15	1	7	1	3	7542	22872828	8356	23138491	0.00134868	0.00109394	0	0.00383214	2769.09	3784.54	5	9422	
15	16	4	1	1	3	39358	41820130	41817	42746004	0.000963049	0.000573134	0	0.00408214	1022.22	2005.17	5	9422	
15	16	3	2	1	3	29546	34768645	34076	35858577	0.000941736	0.000673858	0	0.00383214	1052.31	2207.7	5	9422	
15	16	1	3	3	3	26856	34567505	30794	35713563	0.000961899	0.000679216	0	0.00383214	1159.76	2300.79	4	9422	
15	16	1	4	6	3	3596	21780649	3788	21805756	0.00194788	0.00131834	0	0.003	5756.54	4278.84	12	9422	
15	16	1	5	7	3	23582	36411518	30911	39564435	0.000844397	0.00076301	0	0.00383214	1279.95	2304.02	5	9422	
15	16	4	6	2	3	21069	28643045	25546	30202449	0.000929152	0.000761787	0	0.00408214	1182.28	2562.88	4	9422	
15	16	1	7	4	3	10162	26259162	11319	26616157	0.00122474	0.00100843	0	0.00383214	2351.46	3467.46	5	9422	
16	17	1	1	2	3	41397	44451117	43967	45447712	0.000964724	0.000574901	0	0.00408214	1033.68	2014.25	5	9422	
16	17	3	2	1	3	33078	37727643	37831	38889703	0.000937547	0.00065756	0	0.00383214	1027.99	2164.16	5	9422	
16	17	1	3	3	3	29150	36120332	33700	37317225	0.000948058	0.000676269	0	0.00383214	1107.34	2275.79	4	9422	
16	17	1	4	6	3	3739	23127995	4025	23162776	0.00193977	0.00132799	0	0.003	5754.73	4295.85	12	9422	
16	17	1	5	7	3	23808	37862784	32030	41643957	0.000830355	0.000776592	0	0.00383214	1300.15	2329.74	5	9422	
16	17	4	6	1	3	22127	30736177	27024	32326431	0.000922286	0.000765596	0	0.00408214	1196.21	2568.53	4	9422	
16	17	1	7	4	3	10629	28290839	11825	28660368	0.0012375	0.00101505	0	0.00383214	2423.71	3480.22	5	9422	
17	18	4	1	1	3	43339	47056619	46040	48117030	0.000967234	0.000577637	0	0.00408214	1045.11	2025.11	5	9422	
17	18	1	2	5	3	35499	39448878	40601	40645811	0.000935009	0.000653434	0	0.00383214	1001.1	2153.18	5	9422	
17	18	3	3	2	3	31363	38818349	36763	40436469	0.00093267	0.000676365	0	0.00383214	1099.92	2242.53	4	9422	
17	18	1	4	6	3	4044	24456188	4489	24507520	0.0018676	0.00133694	0	0.003	5459.46	4373.4	12	9422	
17	18	1	5	7	3	24053	39160889	32180	42932087	0.000840525	0.000788947	0	0.00383214	1334.12	2381.06	5	9422	
17	18	1	6	1	3	22965	32525919	28034	34145794	0.000925666	0.000770763	0	0.00408214	1218.01	2593.23	4	9422	
17	18	6	7	1	3	11341	29681344	12643	30070795	0.00123295	0.00101091	0	0.00383214	2378.45	3481.55	5	9422	
18	19	4	1	1	3	45033	49700257	47815	50837510	0.000970778	0.000581243	0	0.00408214	1063.21	2039.44	5	9422	
18	19	1	2	5	3	36168	41076147	41267	42280569	0.000941596	0.000660432	0	0.00383214	1024.56	2192.3	5	9422	
18	19	3	3	2	3	34250	41747546	40394	43747245	0.000921499	0.000672153	0	0.00383214	1083.01	2201.18	4	9422	
18	19	8	4	1	3	5335	26053623	5814	26108050	0.00169724	0.00126508	0	0.003	4490.55	4451.15	12	9422	
18	19	1	5	1	3	24588	41201131	32785	44996378	0.000847317	0.000796853	0	0.00383214	1372.47	2414.54	5	9422	
18	19	1	6	1	3	23213	33811216	28176	35413274	0.00093612	0.000782725	0	0.00408214	1256.86	2645.23	4	9422	
18	19	1	7	4	3	11584	31017178	12806	31398393	0.0012562	0.00102544	0	0.00383214	2451.85	3536.02	5	9422	
19	20	4	1	1	3	46797	52326259	49692	53573850	0.000973975	0.000584632	0	0.00408214	1078.12	2047.88	5	9422	
19	20	1	2	5	3	36416	42393070	41411	43590249	0.000948774	0.000670399	0	0.00383214	1052.62	2240.6	5	9422	
19	20	1	3	2	3	36412	43751259	42609	45761013	0.00092683	0.000668996	0	0.00383214	1073.98	2203.91	4	9422	
19	20	1	4	1	3	8232	28306695	9167	28497991	0.00138273	0.00114123	0	0.003	3108.76	4134.27	5	9422	
19	20	2	5	1	3	26203	43112382	35754	47285361	0.000825559	0.00079334	0	0.00383214	1322.52	2380.13	5	9422	
19	20	1	6	1	3	23426	35129385	28337	36727795	0.000946732	0.000795013	0	0.00408214	1296.11	2697.64	4	9422	
19	20	1	7	4	3	12364	33288148	13839	33699477	0.00123637	0.00102278	0	0.00383214	2435.11	3496.68	5	9422	
20	21	4	1	1	3	48035	54950068	51053	56343327	0.000978481	0.000589862	0	0.00408214	1103.62	2065.12	5	9422	
20	21	1	2	1	3	36718	43753798	41949	44968113	0.000950575	0.000681288	0	0.00383214	1071.97	2281.07	5	9422	
20	21	3	3	2	3	37887	45559558	44754	47766971	0.000922357	0.000675596	0	0.00383214	1067.32	2207.54	4	9422	
20	21	8	4	1	3	10001	30089323	10981	30276287	0.00132674	0.00108253	0	0.003	2757.15	3980.16	5	9422	
20	21	2	5	7	3	27912	45244124	39155	49985377	0.000801678	0.000789847	0	0.00383214	1276.6	2335.07	5	9422	
20	21	1	6	1	3	23608	36409201	28645	38027814	0.000953098	0.000806766	0	0.00408214	1327.56	2739.71	4	9422	
20	21	1	7	4	3	12801	34621640	14278	35033051	0.00125344	0.00102837	0	0.00383214	2453.64	3522.6	5	9422	
21	22	4	1	1	3	50115	57543682	53263	59027769	0.000980024	0.000591252	0	0.00408214	1108.23	2070.16	5	9422	
21	22	1	2	5	3	36916	45105700	42226	46315511	0.00095573	0.0006909	0	0.00383214	1096.85	2325.13	5	9422	
21	22	3	3	2	3	40822	48237901	47744	50456237	0.000925046	0.000667384	0	0.00383214	1056.81	2187.44	4	9422	
21	22	1	4	6	3	11857	32578450	12955	32783118	0.00127469	0.00103353	0	0.003	2530.54	3804.76	5	9422	
21	22	2	5	1	3	29174	47349577	40741	52264816	0.000805836	0.00078994	0	0.00408214	1282.86	2342.03	5	9422	
21	22	1	6	1	3	24107	37743927	29729	39412134	0.000944102	0.00081677	0	0.00408214	1325.71	2750.59	4	9422	
21	22	1	7	1	3	15339	38798083	17278	39516016	0.00118209	0.000980997	0	0.00383214	2287.07	3313.84	5	9422	
22	23	4	1	1	3	52247	60221098	55475	61764394	0.000980936	0.000591539	0	0.00408214	1113.37	2073.39	5	9422	
22	23	3	2	1	3	37885	46737027	43607	47999890	0.000952011	0.000696405	0	0.00383214	1100.74	2340.1	5	9422	
22	23	1	3	2	3	44534	50683775	51568	52924951	0.000924717	0.000654595	0	0.00383214	1026.31	2157.55	4	9422	
22	23	1	4	6	3	11999	33880941	13098	34095031	0.00129352	0.00104339	0	0.003	2603.07	3847.31	5	9422	
22	23	2	5	1	3	31131	50029788	43349	55744065	0.000804366	0.000783663	0	0.00408214	1285.94	2327.25	5	9422	
22	23	1	6	1	3	24598	39403536	30229	41082750	0.000952264	0.000823537	0	0.00408214	1359.05	2780.94	4	9422	
22	23	6	7	4	3	17676	43748342	20896	45837675	0.00108985	0.000953242	0	0.00383214	2193.61	3094.09	5	9422	
23	24	1	1	1	3	54194	62810062	57500	64397233	0.000981389	0.000592599	0	0.00408214	1119.95	2079.43	5	9422	
23	24	1	2	5	3	38584	48085165	44379	49362692	0.000957178	0.000703097	0	0.00408214	1112.3	2366.47	5	9422	
23	24	1	3	3	3	46321	53240083	53415	55473562	0.000927338	0.000654003	0	0.00383214	1038.54	2167.72	4	9422	
23	24	1	4	6	3	12142	35226866	13241	35440956	0.00131195	0.00105263	0	0.003	2676.61	3890.68	5	9422	
23	24	1	5	7	3	34312	55235194	46706	61006041	0.000812071	0.00076778	0	0.00408214	1306.17	2303.32	5	9422	
23	24	4	6	1	3	25230	41497387	30986	43243591	0.000956781	0.00082903	0	0.00408214	1395.58	2802.71	4	9422	
23	24	6	7	1	3	20196	47695803	24623	50527704	0.00102675	0.000924028	0	0.00383214	2052.05	2944.32	5	9422	
24	25	4	1	1	3	55734	65475865	59162	67171637	0.000984146	0.000595646	0	0.00408214	1135.38	2091.5	5	9422	
24	25	3	2	1	3	39809	50860289	45615	52154252	0.00096167	0.000705448	0	0.00408214	1143.36	2379.26	5	9422	
24	25	1	3	3	3	46502	54532704	53618	56765238	0.000932234	0.000662243	0	0.00383214	1058.7	2203.11	4	9422	
24	25	1	4	6	3	12285	36522510	13430	36741014	0.00132543	0.0010623	0	0.003	2735.74	3922.99	5	9422	
24	25	2	5	1	3	36879	58762638	49898	64840961	0.000813369	0.000760249	0	0.00408214	1299.47	2276.57	5	9422	
24	25	1	6	2	3	25698	42880173	32072	44786476	0.000947222	0.000838164	0	0.00408214	1396.44	2812.06	4	9422	
24	25	6	7	1	3	22893	50273975	28221	53414688	0.000988544	0.000895061	0	0.00383214	1892.73	2849.91	5	9422	
25	26	4	1	1	3	57294	68103517	60793	69865568	0.000985859	0.000597622	0	0.00408214	1149.24	2102.44	5	9422	
25	26	3	2	1	3	42374	53420700	48363	54739679	0.00095854	0.000698172	0	0.00408214	1131.85	2362.76	5	9422	
25	26	1	3	3	3	46654	55823200	53835	58069386	0.000936578	0.000670296	0	0.00383214	1078.65	2238.01	4	9422	
25	26	1	4	6	3	12428	37861070	13580	38080309	0.00134238	0.00107059	0	0.003	2804.15	3960.12	5	9422	
25	26	1	5	1	3	39104	61379401	53352	67829664	0.000803511	0.000755465	0	0.00408214	1271.36	2249.54	5	9422	
25	26	1	6	1	3	26428	44338313	32948	46250254	0.000951839	0.000841207	0	0.00408214	1403.73	2829.37	4	9422	
25	26	1	7	4	3	23595	51673278	28991	54820297	0.000995394	0.000897688	0	0.00408214	1890.94	2867.68	5	9422	
26	27	4	1	1	3	58991	70729927	62576	72579495	0.000986664	0.000599171	0	0.00408214	1159.86	2109.76	5	9422	
26	27	1	2	5	3	44132	55124797	50133	56445521	0.000962613	0.000697324	0	0.00408214	1125.92	2365.87	5	9422	
26	27	1	3	2	3	46900	57168152	53978	59406634	0.000942044	0.000677758	0	0.00383214	1100.57	2275.22	4	9422	
26	27	1	4	6	3	12571	39176419	13723	39395658	0.00135965	0.00107822	0	0.003	2870.78	3993.39	5	9422	
26	27	2	5	1	3	42223	64272090	57138	70985795	0.00080336	0.000744714	0	0.00408214	1242.36	2220.44	5	9422	
26	27	1	6	1	3	28458	46953721	35129	48904714	0.000952104	0.000829154	0	0.00408214	1392.15	2797.99	4	9422	
26	27	6	7	4	3	24087	53542575	29456	56681757	0.00100445	0.000903389	0	0.00408214	1924.29	2891.89	5	9422	
27	28	4	1	1	3	60785	73372973	64459	75311205	0.000988211	0.00060057	0	0.00408214	1168.36	2115.46	5	9422	
27	28	1	2	5	3	45604	57451441	51677	58779931	0.000965551	0.000697691	0	0.00408214	1137.45	2374.54	5	9422	
27	28	1	3	3	3	47107	58483606	54165	60721938	0.000947355	0.000685972	0	0.00383214	1121.05	2309.23	4	9422	
27	28	1	4	6	3	12714	40455380	13865	40665436	0.00137645	0.00108532	0	0.003	2932.96	4021.34	5	9422	
27	28	2	5	1	3	44172	66775685	60726	73997330	0.000789096	0.000742807	0	0.00408214	1218.54	2198.24	5	9422	
27	28	1	6	1	3	29475	48388306	36205	50352463	0.00095756	0.000829142	0	0.00408214	1390.76	2806.7	4	9422	
27	28	1	7	4	3	25804	55210319	31355	58374057	0.00100247	0.000891464	0	0.00408214	1861.71	2871.46	5	9422	
28	29	4	1	1	3	62862	75994198	66589	77954187	0.00098749	0.000600121	0	0.00408214	1170.68	2116.73	5	9422	
28	29	3	2	1	3	45835	58750446	51832	60065664	0.000971161	0.000704923	0	0.00408214	1158.85	2407.21	5	9422	
28	29	3	3	2	3	48701	60864238	56106	63147352	0.000945732	0.00068742	0	0.00383214	1125.5	2308.8	4	9422	
28	29	1	4	6	3	12857	41737174	14364	42097061	0.0013585	0.00109995	0	0.003	2930.73	4017.91	5	9422	
28	29	2	5	1	3	46643	71356440	64287	79203023	0.000785182	0.000738713	0	0.00408214	1232.02	2174.62	5	9422	
28	29	1	6	1	3	30056	50008275	36778	51971383	0.000965289	0.000834523	0	0.00408214	1413.11	2825.05	4	9422	
28	29	1	7	1	3	28308	57452120	34415	60716501	0.000985016	0.000871593	0	0.00408214	1764.25	2813.37	5	9422	
29	30	4	1	1	3	64656	78602506	68456	80616130	0.000989122	0.000601877	0	0.00408214	1177.63	2123.34	5	9422	
29	30	1	2	5	3	46488	60525125	52648	61901505	0.000972107	0.000710565	0	0.00408214	1175.76	2423.81	5	9422	
29	30	1	3	3	3	51009	63217302	58599	65542348	0.000946263	0.000684097	0	0.00383214	1118.49	2296.94	4	9422	
29	30	1	4	6	3	12999	43035199	14535	43407356	0.00137204	0.00110704	0	0.003	2986.4	4044.18	5	9422	
29	30	2	5	1	3	49422	74912912	68043	83320072	0.000781742	0.000731952	0	0.00408214	1224.52	2150.32	5	9422	
29	30	1	6	2	3	30254	51353144	36957	53314712	0.000973009	0.000842875	0	0.00408214	1442.61	2861.68	4	9422	
29	30	6	7	1	3	29917	59922304	36170	63198777	0.000984557	0.000863118	0	0.00408214	1747.27	2798.63	5	9422	
30	31	1	1	1	3	66030	81240084	69953	83390098	0.000991743	0.000604773	0	0.00408214	1192.09	2134.22	5	9422	
30	31	1	2	5	3	46732	61860411	52793	63236208	0.000977657	0.000717433	0	0.00408214	1197.81	2457.4	5	9422	
30	31	1	3	3	3	51429	65009737	59118	67362546	0.000949307	0.000691402	0	0.00383214	1139.46	2323.34	4	9422	
30	31	1	4	6	3	13142	44287495	14678	44659652	0.0013879	0.00111318	0	0.003	3042.63	4066.22	5	9422	
30	31	2	5	7	3	52034	78353602	71618	87367378	0.000779395	0.000727321	0	0.00408214	1219.91	2133.26	5	9422	
30	31	1	6	1	3	30463	52690060	37123	54647792	0.000980749	0.00085094	0	0.00433214	1472.07	2897.02	4	9422	
30	31	1	7	4	3	30543	61305163	36837	64584188	0.000991903	0.000867533	0	0.00408214	1753.24	2816.62	5	9422	
31	32	1	1	2	3	67664	83884717	71663	86092718	0.000993003	0.000606372	0	0.00408214	1201.36	2140.2	5	9422	
31	32	1	2	5	3	46976	63208308	52936	64574353	0.00098312	0.000724112	0	0.00408214	1219.86	2490.41	5	9422	
31	32	3	3	3	3	52053	67162515	59913	69551508	0.000951758	0.000696989	0	0.00383214	1160.88	2343.96	4	9422	
31	32	1	4	6	3	13285	45604106	14830	45977059	0.0014026	0.00111914	0	0.003	3100.27	4091.29	5	9422	
31	32	2	5	1	3	54265	80992196	75298	90611186	0.0007713	0.00072471	0	0.00408214	1203.37	2116.89	5	9422	
31	32	1	6	1	3	30626	54011812	37319	55972316	0.000987333	0.000858654	0	0.00433214	1499.83	2929.76	4	9422	
31	32	1	7	4	3	32105	63914669	38433	67225567	0.000994966	0.000860894	0	0.00408214	1749.16	2804.19	5	9422	
32	33	4	1	1	3	70323	86500544	74385	88733092	0.000993184	0.000604571	0	0.00408214	1192.89	2135.67	5	9422	
32	33	3	2	1	3	47957	65609833	54290	67109307	0.000979514	0.000728448	0	0.00408214	1236.13	2494.82	5	9422	
32	33	1	3	3	3	52195	68477276	60746	70997118	0.000945769	0.000706584	0	0.00383214	1168.75	2363.31	4	9422	
32	33	1	4	6	3	13428	46951452	14981	47325245	0.0014171	0.00112475	0	0.003	3159.02	4117.37	5	9422	
32	33	1	5	1	3	56875	84338881	78964	94269989	0.000768844	0.000720957	0	0.00408214	1193.84	2103	5	9422	
32	33	1	6	2	3	30820	55362561	37501	57312634	0.000994181	0.000866306	0	0.00433214	1528.3	2963.25	4	9422	
32	33	6	7	1	3	32381	65433125	38883	68924070	0.000997529	0.000867896	0	0.00408214	1772.6	2824.36	5	9422	
33	34	4	1	1	3	72463	89138869	76649	91472740	0.000993486	0.000604483	0	0.00408214	1193.4	2135.71	5	9422	
33	34	3	2	5	3	49833	68454557	56486	70068761	0.000977635	0.000727206	0	0.00408214	1240.46	2481.59	5	9422	
33	34	1	3	3	3	52338	69747473	60983	72274323	0.000949128	0.000713151	0	0.00383214	1185.16	2389.27	4	9422	
33	34	1	4	6	3	13803	48619214	15469	49089838	0.00141332	0.00112625	0	0.003	3173.43	4103.89	5	9422	
33	34	1	5	7	3	58208	86605476	81333	97028090	0.000764911	0.000723009	0	0.00408214	1192.97	2105.88	5	9422	
33	34	4	6	1	3	31266	56883603	39155	59041894	0.000971286	0.000874401	0	0.00433214	1507.9	2945.24	4	9422	
33	34	6	7	1	3	33336	68013688	40144	71683428	0.000994191	0.000867586	0	0.00408214	1785.66	2819.19	5	9422	
34	35	4	1	1	3	74624	91756189	78960	94172656	0.000993301	0.00060423	0	0.00408214	1192.66	2135.14	5	9422	
34	35	1	2	1	3	53253	71782391	60125	73447404	0.000973981	0.000716312	0	0.00408214	1221.58	2445.41	5	9422	
34	35	1	3	3	3	53110	71595479	62172	74350327	0.000946083	0.000718008	0	0.00383214	1195.88	2399.04	4	9422	
34	35	1	4	6	3	13983	49870529	15668	50335293	0.00142443	0.00113255	0	0.00383214	3212.62	4118.1	5	9422	
34	35	1	5	7	3	58446	87913506	81524	98331677	0.000769439	0.000729186	0	0.00408214	1206.17	2129.74	5	9422	
34	35	1	6	1	3	33863	58850967	41933	61044563	0.000969774	0.000858273	0	0.00433214	1455.76	2899.14	4	9422	
34	35	1	7	4	3	34580	69608105	41431	73283268	0.000998455	0.000865105	0	0.00408214	1768.8	2822.56	5	9422	
35	36	4	1	1	3	76512	94412497	80935	96894083	0.000993455	0.000604668	0	0.00408214	1197.18	2136.65	5	9422	
35	36	3	2	1	3	56546	75053548	63699	76799511	0.000970972	0.000707779	0	0.00408214	1205.66	2412.43	5	9422	
35	36	1	3	3	3	53557	73216987	62700	75988088	0.000949238	0.000722762	0	0.00383214	1211.93	2420.67	4	9422	
35	36	1	4	6	3	14194	51144115	15828	51601930	0.0014396	0.00113809	0	0.00383214	3260.17	4134.8	5	9422	
35	36	2	5	1	3	59675	90895625	83112	101397067	0.000771569	0.000730911	0	0.00408214	1220.01	2140.46	5	9422	
35	36	4	6	2	3	35094	60399898	43286	62604249	0.000972541	0.000855741	0	0.00433214	1446.29	2897.93	4	9422	
35	36	1	7	1	3	36943	71999544	44534	75944892	0.000982241	0.000853216	0	0.00408214	1705.32	2776.29	5	9422	
36	37	4	1	1	3	78615	97016088	83115	99534596	0.00099332	0.000604417	0	0.00408214	1197.55	2137.49	5	9422	
36	37	1	2	5	3	58954	76885505	66157	78637866	0.00097111	0.00070262	0	0.00408214	1188.66	2404.63	5	9422	
36	37	1	3	3	3	53951	74500679	63150	77274948	0.000953365	0.000727756	0	0.00383214	1223.67	2441.22	4	9422	
36	37	1	4	6	3	14407	52466261	16027	52931835	0.00145313	0.00114492	0	0.00383214	3302.67	4152.45	5	9422	
36	37	2	5	1	3	61705	94432809	86761	106064152	0.000763187	0.000729404	0	0.00408214	1222.49	2123.64	5	9422	
36	37	1	6	1	3	36008	62085145	44487	64315676	0.000972191	0.000856246	0	0.00433214	1445.72	2899.51	4	9422	
36	37	6	7	1	3	38919	74437747	47548	78658269	0.000963696	0.000846906	0	0.00408214	1654.29	2738.53	5	9422	
37	38	1	1	1	3	81340	99664368	85997	102226371	0.000993611	0.000603538	0	0.00408214	1188.72	2131.17	5	9422	
37	38	3	2	1	3	62342	78916011	69624	80688840	0.000970005	0.000693656	0	0.00408214	1158.92	2379.28	5	9422	
37	38	3	3	2	3	54611	75834427	63826	78600261	0.000957821	0.000731374	0	0.00383214	1231.48	2458.36	4	9422	
37	38	1	4	6	3	15424	53884798	17353	54386387	0.00141399	0.00113341	0	0.00383214	3134.12	4103.88	5	9422	
37	38	1	5	7	3	64192	97988715	90392	110107500	0.000759385	0.000725634	0	0.00408214	1218.11	2110.9	5	9422	
37	38	1	6	1	3	36358	63330634	45087	65580479	0.000972678	0.00086143	0	0.00433214	1454.53	2912.46	4	9422	
37	38	1	7	4	3	41330	76818324	50032	81057649	0.000964875	0.000835359	0	0.00408214	1620.12	2715.5	5	9422	
38	39	4	1	1	3	83193	102298139	87944	104911953	0.000994411	0.000604535	0	0.00408214	1192.94	2133.48	5	9422	
38	39	1	2	5	3	64420	81082853	72770	83085255	0.000959182	0.000695864	0	0.00408214	1141.75	2361.3	5	9422	
38	39	1	3	3	3	55310	77188291	64571	79956575	0.000961572	0.00073441	0	0.00383214	1238.27	2474.81	4	9422	
38	39	1	4	6	3	18125	57069893	20115	57594833	0.00135102	0.00108198	0	0.00383214	2863.28	3937.55	5	9422	
38	39	2	5	1	3	67206	101548207	93781	113786327	0.000763123	0.000720301	0	0.00408214	1213.32	2101.7	5	9422	
38	39	1	6	2	3	36567	64650023	45272	66897469	0.000978978	0.000868188	0	0.00433214	1477.68	2939.35	4	9422	
38	39	1	7	4	3	41597	78084427	50265	82329670	0.000971646	0.000842338	0	0.00408214	1637.91	2737.66	5	9422	
39	40	4	1	1	3	84914	104930636	89788	107653908	0.000995314	0.000605626	0	0.00408214	1198.98	2137.88	5	9422	
39	40	1	2	1	3	65089	82841867	74403	85307801	0.000950997	0.000703051	0	0.00408214	1146.56	2363.8	5	9422	
39	40	3	3	2	3	55839	78485980	65115	81263868	0.000966303	0.000739057	0	0.00408214	1248.01	2492.23	4	9422	
39	40	1	4	6	3	18268	58381635	20296	58910411	0.00136011	0.00108753	0	0.00383214	2902.56	3957.8	5	9422	
39	40	1	5	7	3	67672	103214789	94748	115669988	0.0007628	0.000724836	0	0.00408214	1220.82	2115.47	5	9422	
39	40	4	6	2	3	37417	66073033	46829	68389959	0.000968823	0.000869801	0	0.00433214	1460.42	2929.67	4	9422	
39	40	6	7	1	3	42967	80170288	52909	84739885	0.000952877	0.000842319	0	0.00408214	1601.62	2711.4	5	9422	
40	41	4	1	1	3	86443	107539923	91449	110402993	0.000997161	0.000607529	0	0.00408214	1207.26	2142.55	5	9422	
40	41	1	2	5	3	65232	84158279	74615	86629886	0.000954044	0.000708343	0	0.00408214	1161.03	2387.14	5	9422	
40	41	1	3	3	3	56458	80268696	65800	83056152	0.000969511	0.000742578	0	0.00408214	1262.25	2507.79	4	9422	
40	41	1	4	6	3	18439	59708765	20554	60247953	0.00136391	0.00109404	0	0.00383214	2931.2	3974.24	5	9422	
40	41	2	5	1	3	67976	104873512	95090	117328198	0.000766354	0.000729506	0	0.00408214	1233.86	2135.07	5	9422	
40	41	1	6	1	3	38017	67487126	47484	69808849	0.000973912	0.000872759	0	0.00433214	1470.16	2944.41	4	9422	
40	41	6	7	1	3	45297	82338686	56327	87164287	0.000936511	0.000834184	0	0.00408214	1547.47	2672.88	5	9422	
41	42	4	1	1	3	88173	110188112	93308	113176239	0.000999137	0.000608813	0	0.00408214	1212.93	2144.5	5	9422	
41	42	1	2	5	3	65980	85862463	75563	88375088	0.000955568	0.000712885	0	0.00408214	1169.56	2397.35	5	9422	
41	42	3	3	2	3	56642	81550916	66059	84345560	0.000972986	0.000748541	0	0.00408214	1276.82	2528.98	4	9422	
41	42	1	4	6	3	18672	61029239	20705	61550500	0.0013749	0.00109872	0	0.00383214	2972.74	3994.12	5	9422	
41	42	2	5	1	3	68490	106702157	96431	119527098	0.000763503	0.000733057	0	0.00408214	1239.51	2145.98	5	9422	
41	42	1	6	1	3	38224	68801172	47705	71132241	0.000980046	0.000879045	0	0.00433214	1491.09	2968.81	4	9422	
41	42	1	7	4	3	48040	85517242	59152	90370341	0.000937096	0.000822232	0	0.00408214	1527.76	2644.99	5	9422	
42	43	4	1	1	3	89673	112816550	94891	115889370	0.00100006	0.000610105	0	0.00408214	1221.29	2149.79	5	9422	
42	43	1	2	5	3	67693	87456755	77428	89975807	0.000956599	0.000711989	0	0.00408214	1162.06	2395.6	5	9422	
42	43	3	3	2	3	59147	83486442	69187	86357323	0.000966224	0.000744118	0	0.00408214	1248.17	2505.91	4	9422	
42	43	1	4	6	3	18866	62342073	20943	62868052	0.00138306	0.0011048	0	0.00383214	3001.86	4009.12	5	9422	
42	43	1	5	1	3	68798	108380385	96839	121226959	0.000766224	0.000737011	0	0.00408214	1251.84	2165.31	5	9422	
42	43	1	6	1	3	38432	70128121	47940	72460739	0.000986053	0.000885056	0	0.00433214	1511.49	2992.48	4	9422	
42	43	1	7	4	3	48685	87620311	60005	92518637	0.000937541	0.000824908	0	0.00408214	1541.85	2655.11	5	9422	
43	44	4	1	1	3	90936	115428193	96198	118554238	0.00100086	0.000611763	0	0.00408214	1232.4	2156.75	5	9422	
43	44	1	2	5	3	67909	88752602	77613	91267937	0.000960444	0.000717183	0	0.00408214	1175.94	2416.89	5	9422	
43	44	1	3	3	3	60864	85124165	70941	88001506	0.000969023	0.000742589	0	0.00408214	1240.49	2505.65	4	9422	
43	44	1	4	6	3	19355	64039801	21589	64597045	0.00137656	0.00110557	0	0.00383214	2992.13	3996.54	5	9422	
43	44	2	5	7	3	71625	110666718	100074	123613630	0.00076941	0.000732613	0	0.00408214	1235.22	2156.4	5	9422	
43	44	1	6	1	3	38657	71459444	48185	73793393	0.000992785	0.000891608	0	0.00433214	1531.46	3015.45	4	9422	
43	44	1	7	4	3	49112	89420547	60484	94342829	0.000940898	0.000828853	0	0.00408214	1559.8	2671.67	5	9422	
44	45	1	1	1	3	93480	118074024	98811	121234286	0.000999816	0.000610205	0	0.00408214	1226.93	2153.24	5	9422	
44	45	1	2	5	3	68457	90603039	78076	93115832	0.00096372	0.000720547	0	0.00408214	1192.63	2434.77	5	9422	
44	45	1	3	3	3	61399	86679635	71439	89538817	0.000972792	0.000746054	0	0.00408214	1253.36	2521.95	4	9422	
44	45	1	4	6	3	19514	65351317	21822	65916230	0.00138258	0.0011115	0	0.00383214	3020.63	4011.14	5	9422	
44	45	2	5	1	3	74555	115716512	103899	129478200	0.000767843	0.000727507	0	0.00408214	1246.19	2143.23	5	9422	
44	45	1	6	1	3	39853	73148400	49536	75499290	0.000993179	0.000888361	0	0.00433214	1524.13	3009.43	4	9422	
44	45	1	7	4	3	49357	90757018	60627	95670236	0.000945755	0.000833879	0	0.00408214	1578.01	2694.86	5	9422	
45	46	4	1	1	3	95781	120708918	101224	123906290	0.000999282	0.000609657	0	0.00408214	1224.08	2150.74	5	9422	
45	46	1	2	5	3	68645	91883199	78219	94391267	0.000967443	0.000725125	0	0.00408214	1206.76	2455.46	5	9422	
45	46	1	3	3	3	61589	87996310	71586	90851307	0.000976988	0.000751023	0	0.00408214	1269.12	2544.29	4	9422	
45	46	1	4	6	3	21215	67259183	23582	67831478	0.00135347	0.00108854	0	0.00383214	2876.41	3947.48	5	9422	
45	46	2	5	1	3	76391	117657952	106393	131766003	0.000767937	0.000726711	0	0.00408214	1238.48	2142.19	5	9422	
45	46	1	6	2	3	40082	74463344	49949	76829162	0.000995167	0.000893463	0	0.00433214	1538.15	3026.6	4	9422	
45	46	1	7	4	3	49863	92779971	61084	97713827	0.000950243	0.00083715	0	0.00408214	1599.66	2709.71	5	9422	
46	47	4	1	1	3	97086	123306856	102640	126627881	0.00100072	0.000611547	0	0.00408214	1233.71	2158.3	5	9422	
46	47	3	2	5	3	68788	93155409	78493	95679250	0.000969531	0.000730106	0	0.00408214	1218.95	2474	5	9422	
46	47	1	3	3	3	61767	89297502	71823	92168070	0.000980623	0.000756349	0	0.00408214	1283.27	2564.87	4	9422	
46	47	1	4	6	3	21460	68604211	23725	69165796	0.0013634	0.00109271	0	0.00383214	2915.31	3967.36	5	9422	
46	47	1	5	1	3	78315	121134117	108332	135242968	0.000772909	0.000725699	0	0.00408214	1248.41	2147.44	5	9422	
46	47	1	6	1	3	40535	76058511	50467	78427102	0.00099968	0.000896856	0	0.00433214	1554.03	3040.35	4	9422	
46	47	6	7	1	3	51347	94708894	63108	99781574	0.000945399	0.000834736	0	0.00408214	1581.12	2698.38	5	9422	
47	48	4	1	1	3	99141	125951630	104784	129361656	0.00100089	0.000611467	0	0.00408214	1234.56	2157.72	5	9422	
47	48	3	2	1	3	72178	96852909	82345	99499879	0.000964416	0.000722864	0	0.00408214	1208.33	2443.29	5	9422	
47	48	1	3	2	3	62062	90661263	72329	93547311	0.000981663	0.000761025	0	0.00408214	1293.36	2582.65	4	9422	
47	48	1	4	6	3	21705	69893005	23868	70443880	0.0013732	0.00109673	0	0.00383214	2951.39	3983.44	5	9422	
47	48	2	5	1	3	79441	123025805	110353	137332990	0.000770642	0.000727338	0	0.00408214	1244.49	2150.94	5	9422	
47	48	1	6	1	3	40775	77338523	50624	79701306	0.00100563	0.000902169	0	0.00433214	1574.38	3061.34	4	9422	
47	48	6	7	4	3	53090	96575368	65967	101978534	0.000932092	0.000831606	0	0.00408214	1545.9	2676.78	5	9422	
48	49	4	1	1	3	101044	128582165	106750	132041395	0.00100114	0.000611638	0	0.00408214	1236.92	2158.97	5	9422	
48	49	1	2	1	3	74008	98730130	84210	101382598	0.000965459	0.000720992	0	0.00408214	1203.93	2440.11	5	9422	
48	49	1	3	3	3	62467	92029392	72979	94931864	0.000982141	0.000765266	0	0.00408214	1300.81	2597.43	4	9422	
48	49	1	4	6	3	21873	71205037	24020	71745375	0.00138225	0.00110071	0	0.00383214	2986.9	4000.2	5	9422	
48	49	1	5	7	3	80583	125147136	113514	140137443	0.000761184	0.000729243	0	0.00408214	1234.54	2144.74	5	9422	
48	49	1	6	1	3	41016	78646757	51029	81161068	0.00100676	0.000907322	0	0.00433214	1590.49	3075.48	4	9422	
48	49	6	7	1	3	55856	98894512	69524	104495126	0.000923084	0.000822147	0	0.00408214	1503.01	2645.08	5	9422	
49	50	4	1	1	3	102390	131222040	108178	134789470	0.00100226	0.000613267	0	0.00408214	1246	2165.01	5	9422	
49	50	1	2	5	3	75799	100361882	86165	103021356	0.000966336	0.000719654	0	0.00408214	1195.63	2438.14	5	9422	
49	50	1	3	3	3	63309	93447313	73992	96365245	0.000983059	0.000767632	0	0.00408214	1302.37	2606.64	4	9422	
49	50	1	4	6	3	22016	72517136	24418	73089654	0.00137729	0.00110773	0	0.00383214	2993.27	4007.08	5	9422	
49	50	2	5	1	3	82771	127013488	116065	142081952	0.000764009	0.000727629	0	0.00408214	1224.16	2144.33	5	9422	
49	50	1	6	1	3	41159	79994103	51172	82508414	0.00101233	0.000912143	0	0.00433214	1612.37	3098.88	4	9422	
49	50	1	7	1	3	58187	101776862	72213	107562981	0.000921935	0.000815703	0	0.00408214	1489.52	2625.29	5	9422	
50	51	4	1	1	3	103915	133839911	109828	137552110	0.0010039	0.000614741	0	0.00408214	1252.43	2168.29	5	9422	
50	51	3	2	1	3	77897	103368800	88411	106064183	0.000965647	0.000717077	0	0.00408214	1199.67	2429.94	5	9422	
50	51	1	3	2	3	65145	94997003	75944	97924017	0.000982945	0.000764303	0	0.00408214	1289.42	2600.61	4	9422	
50	51	1	4	6	3	22158	73825771	24572	74405498	0.00138611	0.00111151	0	0.00383214	3028.06	4023.12	5	9422	
50	51	1	5	7	3	85774	130247201	119747	145552981	0.000765259	0.000723758	0	0.00408214	1215.5	2134.36	5	9422	
50	51	1	6	1	3	41302	81300632	51315	83814943	0.00101787	0.000916878	0	0.00433214	1633.34	3120.18	4	9422	
50	51	6	7	1	3	58704	103998089	72805	109800862	0.000924935	0.000818529	0	0.00408214	1508.15	2638.1	5	9422	
51	52	1	1	1	3	105453	136478476	111496	140333947	0.00100518	0.00061595	0	0.00408214	1258.65	2170.71	5	9422	
51	52	1	2	5	3	80575	106108122	91246	108866536	0.000964118	0.000712109	0	0.00408214	1193.11	2415.13	5	9422	
51	52	3	3	2	3	68240	96998986	79552	99990942	0.000977653	0.000756775	0	0.00408214	1256.93	2573.19	4	9422	
51	52	1	4	6	3	22542	75481031	25078	76076679	0.00138284	0.00111344	0	0.00383214	3033.6	4019.39	5	9422	
51	52	1	5	7	3	85972	131536312	120877	147037493	0.000762122	0.000727677	0	0.00408214	1216.42	2143.24	5	9422	
51	52	1	6	1	3	41445	82638258	51496	85155415	0.00102262	0.000921609	0	0.00433214	1653.63	3141.44	4	9422	
51	52	6	7	1	3	61684	109074835	76558	115687925	0.000917182	0.000809105	0	0.00408214	1511.11	2596.24	5	9422	
52	53	4	1	1	3	107560	139100665	113753	143027780	0.00100523	0.000615772	0	0.00408214	1257.35	2168.84	5	9422	
52	53	1	2	1	3	80763	107390585	91572	110156788	0.000965923	0.000716399	0	0.00408214	1202.95	2431.18	5	9422	
52	53	3	3	2	3	71366	99348333	83232	102451791	0.000972217	0.000750594	0	0.00408214	1230.92	2543.31	4	9422	
52	53	1	4	6	3	22685	76809876	25254	77408909	0.00139019	0.0011173	0	0.00383214	3065.21	4034.49	5	9422	
52	53	2	5	1	3	87173	135201554	122080	150702215	0.000766005	0.000729031	0	0.00408214	1234.45	2152.7	5	9422	
52	53	1	6	1	3	42443	84135307	53568	86786718	0.00100538	0.000921336	0	0.00433214	1620.12	3117.87	4	9422	
52	53	1	7	4	3	62351	111032663	77631	118104491	0.000915775	0.000811179	0	0.00408214	1521.36	2599.21	5	9422	
53	54	1	1	2	3	110585	141642638	116840	145584738	0.00100354	0.000613187	0	0.00408214	1246.02	2161.49	5	9422	
53	54	3	2	1	3	82029	109745926	93083	112556495	0.000965834	0.000717216	0	0.00408214	1209.21	2433.72	5	9422	
53	54	1	3	3	3	72041	100729973	83959	103846016	0.000975354	0.000753087	0	0.00408214	1236.87	2555.73	4	9422	
53	54	1	4	6	3	22828	78113792	25454	78718627	0.00139612	0.00112134	0	0.00383214	3092.58	4047.1	5	9422	
53	54	1	5	1	3	89993	141676909	125344	157848311	0.000768563	0.000725728	0	0.00408214	1259.32	2143.78	5	9422	
53	54	1	6	1	3	43717	86003150	55018	88675527	0.00100477	0.000916977	0	0.00433214	1611.75	3107.38	4	9422	
53	54	6	7	1	3	62925	112756238	78307	119835816	0.000918656	0.000813719	0	0.00408214	1530.33	2610.47	5	9422	
54	55	4	1	1	3	113488	144373767	119790	148345813	0.00100215	0.000610759	0	0.00408214	1238.38	2156.44	5	9422	
54	55	1	2	5	3	82522	111096971	93680	113915471	0.000967838	0.000720842	0	0.00408214	1216.01	2447.34	5	9422	
54	55	3	3	2	3	74413	103932561	86422	107058435	0.000975061	0.000748417	0	0.00408214	1238.79	2545.23	4	9422	
54	55	1	4	6	3	22971	79443456	25653	80054171	0.00140201	0.00112526	0	0.00383214	3120.66	4060.34	5	9422	
54	55	2	5	1	3	91882	144291172	127322	160527137	0.000772717	0.000725248	0	0.00408214	1260.8	2143.8	5	9422	
54	55	1	6	1	3	44046	87392961	56301	90181512	0.000992427	0.000921341	0	0.00433214	1601.77	3103.97	4	9422	
54	55	6	7	4	3	65330	115555487	81888	123061951	0.000907758	0.000808368	0	0.00408214	1502.81	2582.01	5	9422	
55	56	4	1	1	3	114696	146965963	121125	151098880	0.00100367	0.000612558	0	0.00408214	1247.46	2162.96	5	9422	
55	56	1	2	1	3	82904	112482314	94124	115303536	0.000970614	0.000724674	0	0.00408214	1225.02	2463.14	5	9422	
55	56	1	3	2	3	76070	105704210	88350	108879706	0.00097461	0.000747548	0	0.00408214	1232.37	2542.56	4	9422	
55	56	1	4	6	3	23114	80790802	25879	81400915	0.00140623	0.00112939	0	0.00383214	3145.44	4072.98	5	9422	
55	56	2	5	1	3	93448	146916550	129080	163329674	0.000777075	0.000726159	0	0.00408214	1265.34	2146.99	5	9422	
55	56	1	6	1	3	44504	89382420	56823	92188033	0.000995176	0.000923457	0	0.00433214	1622.37	3115.01	4	9422	
55	56	1	7	4	3	67136	118262552	84460	126051141	0.000902899	0.000806215	0	0.00408214	1492.44	2566.72	5	9422	
56	57	4	1	1	3	116065	149631241	122620	153904728	0.00100491	0.000614094	0	0.00408214	1255.14	2167.32	5	9422	
56	57	3	2	1	3	83987	113994446	95620	116859073	0.000969007	0.000726843	0	0.00408214	1222.12	2466.72	5	9422	
56	57	3	3	2	3	76462	107071279	88747	110247174	0.000978338	0.000751136	0	0.00408214	1242.26	2558.81	4	9422	
56	57	1	4	6	3	23261	82118923	26492	83054370	0.00139028	0.00113791	0	0.00383214	3135.07	4064.81	5	9422	
56	57	2	5	1	3	95010	149552169	130815	166156815	0.00078208	0.000727178	0	0.00408214	1270.17	2150.7	5	9422	
56	57	1	6	1	3	44738	90732869	56975	93531852	0.00100042	0.000927988	0	0.00433214	1641.63	3135.14	4	9422	
56	57	1	7	1	3	68118	119743175	85462	127532352	0.00090698	0.000807601	0	0.00408214	1492.27	2574.94	5	9422	
57	58	4	1	1	3	117767	152231855	124362	156526252	0.00100541	0.000614885	0	0.00408214	1258.63	2171	5	9422	
57	58	1	2	5	3	85270	115606276	96994	118480066	0.000970871	0.000727231	0	0.00408214	1221.52	2470.36	5	9422	
57	58	1	3	3	3	76714	108396829	88947	111568657	0.000982401	0.000755897	0	0.00408214	1254.33	2576.1	4	9422	
57	58	1	4	6	3	23574	83427962	27045	84398808	0.0013836	0.00114109	0	0.00383214	3120.68	4063.42	5	9422	
57	58	2	5	1	3	96928	151834652	133904	168852340	0.000779561	0.000727068	0	0.00408214	1261	2144.27	5	9422	
57	58	4	6	1	3	44924	92044931	57155	94843061	0.00100545	0.000932413	0	0.00433214	1659.4	3153.13	4	9422	
57	58	6	7	1	3	69597	121876471	87018	129664794	0.000909636	0.000806079	0	0.00408214	1490.09	2575.21	5	9422	
58	59	1	1	1	3	119111	154889412	125863	159368752	0.00100703	0.000616462	0	0.00408214	1266.21	2175.47	5	9422	
58	59	3	2	1	3	85842	116999465	97587	119884292	0.000973778	0.000730103	0	0.00408214	1228.49	2483.28	5	9422	
58	59	1	3	3	3	76937	109731876	89137	112890863	0.000985771	0.000759953	0	0.00408214	1266.49	2593.5	4	9422	
58	59	8	4	1	3	23817	84727592	27228	85692138	0.00139369	0.00114511	0	0.00383214	3147.21	4074.4	5	9422	
58	59	1	5	7	3	98401	153812998	136267	171021949	0.000778242	0.00072769	0	0.00408214	1255.05	2144.9	5	9422	
58	59	1	6	1	3	45083	93368006	57346	96168816	0.00100993	0.000936738	0	0.00433214	1676.99	3171.11	4	9422	
58	59	6	7	1	3	71960	125208237	89444	133010931	0.000911684	0.000800726	0	0.00408214	1487.09	2564.41	5	9422	
59	60	4	1	1	3	120905	157291992	127803	161881987	0.00100709	0.000616638	0	0.00408214	1266.65	2175.36	5	9422	
59	60	3	2	1	3	86571	118924523	98285	121804618	0.000976417	0.00073207	0	0.00408214	1239.3	2492.84	5	9422	
59	60	3	3	2	3	77454	111051794	89695	114222790	0.000988451	0.000762395	0	0.00408214	1273.46	2605.35	4	9422	
59	60	8	4	1	3	24051	85927218	27364	86886885	0.00140155	0.0011478	0	0.00383214	3175.23	4085.24	5	9422	
59	60	2	5	1	3	98925	155920729	136848	173128138	0.000780338	0.000729925	0	0.00408214	1265.11	2155.7	5	9422	
59	60	4	6	2	3	45572	94869050	57884	97692959	0.00101262	0.000938058	0	0.00433214	1687.74	3177.73	4	9422	
59	60	6	7	1	3	74277	129199540	92960	138349062	0.000902418	0.000796686	0	0.00408214	1488.26	2534.81	5	9422	
