% start	end	CellId	IMSI	RNTI	LCID	nTxPDUs	TxBytes	nRxPDUs	RxBytes	delay	stdDev	min	max	PduSize	stdDev	min	max
0	1	1	1	4	3	1336	1846728	2211	2238721	0.000735136	0.000801999	0	0.00383214	1012.54	2046.22	5	9422	
0	1	3	2	7	3	2055	1645680	2456	1693822	0.000874819	0.000617199	0	0.003	689.667	2034.37	5	9422	
0	1	7	3	1	3	1616	1926677	2580	2208488	0.00067337	0.000712124	0	0.003	856.003	1946.46	5	9422	
0	1	2	4	1	3	1113	2331388	1111	2320652	0.0010044	0.000715037	0.000635713	0.003	2088.8	2603.39	36	9422	
0	1	1	5	6	3	342	1153569	359	1145084	0.00173672	0.00105435	0	0.003	3189.65	4239.97	22	9422	
0	1	1	6	2	3	1630	1297187	1723	1303877	0.000998213	0.000645915	0	0.00383214	756.748	2306.47	9	9422	
0	1	1	7	3	3	218	1182690	129	1175199	0.00298909	0.00013138	0.00151071	0.00308214	9110.07	1299.92	31	9422	
1	2	1	1	4	3	2550	3426371	3739	3898442	0.000820494	0.000809829	0	0.00383214	1042.64	2276.81	5	9422	
1	2	1	2	7	3	3948	4666861	4899	4827829	0.000853876	0.000658673	0	0.003	985.472	2120.02	5	9422	
1	2	7	3	1	3	3653	4738642	5363	5221774	0.000712296	0.000691757	0	0.00383214	973.667	1958.53	5	9422	
1	2	2	4	1	3	2925	4951424	2923	4941966	0.000960706	0.000651639	0.000635713	0.003	1690.72	2422.09	36	9422	
1	2	2	5	2	3	2039	3464367	2317	3492826	0.00105406	0.000807551	0	0.003	1507.48	2814.53	9	9422	
1	2	1	6	2	3	2107	2663188	2235	2671625	0.00111149	0.000775992	0	0.00383214	1195.36	2916.76	9	9422	
1	2	1	7	3	3	793	2902117	900	2921350	0.0013654	0.00117194	0	0.00383214	3245.94	3947.98	13	9422	
2	3	1	1	4	3	3824	4953846	5067	5427300	0.000890149	0.000801052	0	0.00383214	1071.11	2409.56	5	9422	
2	3	1	2	7	3	4122	6015583	5168	6187692	0.000897829	0.000742876	0	0.003	1197.31	2489.36	5	9422	
2	3	1	3	1	3	6564	7531440	8736	8184783	0.000763355	0.000651689	0	0.00383214	936.903	1906.41	5	9422	
2	3	2	4	1	3	4930	7578402	4927	7575802	0.000946216	0.000623248	0.000635713	0.003	1537.61	2350.79	36	9422	
2	3	1	5	6	3	4655	5284861	5434	5366248	0.00093613	0.000699928	0	0.003	987.532	2373.7	5	9422	
2	3	1	6	2	3	2416	4024176	2554	4033454	0.00122242	0.00085964	0	0.00383214	1579.27	3338.63	9	9422	
2	3	2	7	3	3	936	4205607	2345	4340994	0.000705697	0.0011356	0	0.00383214	1851.17	3415.72	5	9422	
3	4	1	1	4	3	4227	6340267	5481	6824748	0.000951909	0.000858647	0	0.00383214	1245.16	2654.57	5	9422	
3	4	1	2	7	3	4621	7328550	5841	7519771	0.00092562	0.00079448	0	0.00383214	1287.41	2659.3	5	9422	
3	4	1	3	1	3	9005	9949190	11671	10736388	0.000785716	0.000647533	0	0.00383214	919.92	1898.51	5	9422	
3	4	2	4	1	3	6532	10206380	6530	10203816	0.000948841	0.000627878	0.000635713	0.003	1562.61	2363.35	36	9422	
3	4	2	5	6	3	5379	7262507	6950	7456176	0.000870548	0.000759052	0	0.00383214	1072.83	2438.68	5	9422	
3	4	3	6	2	3	3422	6325366	3747	6409404	0.00118105	0.000855177	0	0.00383214	1710.54	3199.67	9	9422	
3	4	2	7	3	3	1302	5756951	3019	5966561	0.000746973	0.00114069	0	0.00383214	1976.34	3467.95	4	9422	
4	5	1	1	4	3	4370	7667814	5725	8162181	0.000986273	0.000908542	0	0.00383214	1425.71	2891.41	5	9422	
4	5	1	2	7	3	5251	9081831	6680	9303633	0.000944098	0.000825025	0	0.00383214	1392.76	2753.41	5	9422	
4	5	7	3	1	3	11227	12860805	13946	13654839	0.000820297	0.000644552	0	0.00383214	979.122	1937.71	5	9422	
4	5	2	4	1	3	8655	12845241	8661	12850592	0.00094262	0.000613426	0.000635713	0.003	1483.73	2319	36	9422	
4	5	1	5	6	3	7079	9029547	8952	9247178	0.000885327	0.000741256	0	0.00383214	1032.97	2423.01	5	9422	
4	5	1	6	2	3	3565	7668789	3923	7775926	0.00123741	0.000909781	0	0.00383214	1982.14	3445.59	9	9422	
4	5	1	7	3	3	4188	7966303	6325	8261241	0.000808335	0.000894084	0	0.00383214	1306.13	2788.28	4	9422	
5	6	5	1	1	3	4799	9021214	6161	9516082	0.00103851	0.000942702	0	0.00383214	1544.57	3042.12	5	9422	
5	6	3	2	1	3	6806	10668194	8448	10903233	0.00095004	0.000801494	0	0.00383214	1290.63	2702.57	5	9422	
5	6	7	3	1	3	13443	15466965	16257	16303305	0.000844096	0.000639329	0	0.00383214	1002.85	1961	5	9422	
5	6	2	4	1	3	10853	15468809	10860	15475474	0.000935649	0.000602517	0.000635713	0.003	1425	2276.33	36	9422	
5	6	1	5	6	3	7250	10333685	9165	10552930	0.000914627	0.000781691	0	0.00383214	1151.44	2599.77	5	9422	
5	6	1	6	2	3	3707	8966762	5112	9211309	0.00103352	0.000996926	0	0.00383214	1801.9	3352.85	9	9422	
5	6	2	7	3	3	7745	11038272	10100	11398644	0.00084909	0.000773679	0	0.00383214	1128.58	2450.38	4	9422	
6	7	1	1	4	3	5072	10345391	6443	10841404	0.00108683	0.000977895	0	0.00383214	1682.66	3189.87	5	9422	
6	7	3	2	1	3	10392	13233464	12219	13509725	0.000933381	0.000718438	0	0.00383214	1105.63	2456.95	5	9422	
6	7	7	3	1	3	15813	18121036	18665	18984493	0.00086252	0.000632367	0	0.00383214	1017.12	1971.63	5	9422	
6	7	1	4	1	3	12333	18050339	12338	18055686	0.000940507	0.000610457	0.000635713	0.003	1463.42	2315.06	36	9422	
6	7	2	5	6	3	7528	11688159	9933	12010407	0.000900384	0.000818735	0	0.00383214	1209.14	2694.44	5	9422	
6	7	3	6	2	3	5720	10833479	8421	11287098	0.000881054	0.000903093	0	0.00383214	1340.35	2920.75	7	9422	
6	7	1	7	3	3	8660	13080243	11198	13459961	0.000866908	0.000784666	0	0.00383214	1202	2525.59	4	9422	
7	8	1	1	4	3	6144	12044948	7567	12535830	0.00109277	0.00095284	0	0.00383214	1656.64	3159.07	5	9422	
7	8	3	2	1	3	14142	16860646	16066	17178540	0.000931665	0.000666937	0	0.00383214	1069.25	2299.62	5	9422	
7	8	7	3	1	3	18024	20635030	20910	21515691	0.000876213	0.000628551	0	0.00383214	1028.97	1984.12	5	9422	
7	8	2	4	1	3	14352	20718109	14358	20715320	0.000939728	0.000605276	0.000635713	0.003	1442.77	2312.3	36	9422	
7	8	1	5	6	3	9441	14259220	13052	15009992	0.000847288	0.000799814	0	0.00383214	1150.01	2518.55	5	9422	
7	8	1	6	2	3	6920	12278748	9734	12741502	0.000900195	0.000885651	0	0.00383214	1308.97	2914.2	7	9422	
7	8	1	7	3	3	9058	14642677	11669	15055217	0.000887722	0.000807301	0	0.00383214	1290.19	2635.26	4	9422	
8	9	1	1	4	3	6287	13379341	7738	13863658	0.00112368	0.000978835	0	0.00383214	1791.63	3291.85	5	9422	
8	9	3	2	1	3	16601	19654607	19647	20382830	0.000889475	0.000668114	0	0.00383214	1037.45	2207.46	5	9422	
8	9	7	3	1	3	20690	23379744	23620	24277359	0.00088847	0.000619808	0	0.00383214	1027.83	1987.32	5	9422	
8	9	2	4	5	3	15841	23357656	15849	23357495	0.000943108	0.000611008	0.000635713	0.003	1473.75	2326.64	36	9422	
8	9	2	5	2	3	10104	16352094	14136	17393228	0.000846193	0.000814266	0	0.00383214	1230.42	2563.32	5	9422	
8	9	3	6	2	3	8349	13705511	11519	14196858	0.000903124	0.000863827	0	0.00383214	1232.47	2852.24	7	9422	
8	9	1	7	3	3	9296	15968563	11879	16378137	0.000913852	0.000836809	0	0.00383214	1378.75	2754.77	4	9422	
9	10	1	1	4	3	6430	14674554	8167	15308872	0.00111718	0.00100678	0	0.00383214	1874.48	3355.34	5	9422	
9	10	3	2	1	3	18965	22585154	22644	23552140	0.000880045	0.000664061	0	0.00383214	1040.11	2168.41	5	9422	
9	10	7	3	1	3	23825	25978080	26895	26908761	0.000894629	0.000608938	0	0.00383214	1000.51	1972.13	5	9422	
9	10	2	4	1	3	17589	25950123	17617	25984041	0.000945972	0.000612371	0	0.003	1474.94	2333.71	36	9422	
9	10	1	5	6	3	10461	17942147	14743	19117006	0.000853371	0.000832519	0	0.00383214	1296.68	2638.4	5	9422	
9	10	1	6	2	3	9968	16319896	13423	16971338	0.000906541	0.000841045	0	0.00383214	1264.35	2773.58	7	9422	
9	10	1	7	3	3	10655	17534799	13943	18024348	0.000894352	0.000830571	0	0.00383214	1292.72	2691.42	4	9422	
10	11	1	1	4	3	6572	16010593	8482	16676269	0.00112627	0.00103003	0	0.00383214	1966.08	3442.54	5	9422	
10	11	3	2	1	3	22409	27134551	26244	28174363	0.000890096	0.000646176	0	0.00383214	1073.55	2118.78	5	9422	
10	11	1	3	1	3	25729	28629384	29225	29731233	0.000892324	0.000614936	0	0.00383214	1017.32	1987.07	5	9422	
10	11	2	4	1	3	19483	28617598	19604	28718870	0.000951901	0.000612747	0	0.003	1464.95	2329.34	7	9422	
10	11	1	5	6	3	10702	19273126	15204	20605691	0.000859543	0.00085361	0	0.00383214	1355.28	2704.78	5	9422	
10	11	1	6	2	3	10111	17641394	13946	18448822	0.00090309	0.00086481	0	0.00383214	1322.88	2841.43	7	9422	
10	11	2	7	3	3	11945	19198001	16648	19923579	0.000841654	0.000829495	0	0.00383214	1196.76	2600.27	4	9422	
11	12	5	1	1	3	7262	17445068	9549	18164564	0.00110526	0.00102858	0	0.00383214	1902.25	3411.71	5	9422	
11	12	1	2	1	3	25809	30759019	29941	31928251	0.000893243	0.000633904	0	0.00383214	1066.37	2071.85	5	9422	
11	12	7	3	1	3	27417	31222712	31078	32369806	0.000898909	0.000620009	0	0.00383214	1041.57	2012.14	5	9422	
11	12	2	4	1	3	21226	31247664	21377	31370953	0.000952978	0.000613885	0	0.003	1467.51	2327.11	7	9422	
11	12	1	5	6	3	10856	20600940	15432	21938216	0.000875887	0.000874339	0	0.00383214	1421.61	2792.62	5	9422	
11	12	1	6	2	3	10254	18947320	14217	19762780	0.000916051	0.000886028	0	0.00383214	1390.08	2924.28	7	9422	
11	12	2	7	3	3	13958	20946256	18801	21704577	0.000861835	0.000811627	0	0.00408214	1154.44	2562.53	4	9422	
12	13	5	1	1	3	8117	18898518	10479	19624406	0.00112146	0.00101839	0	0.00383214	1872.74	3392.02	5	9422	
12	13	1	2	7	3	28732	33784309	32977	34978662	0.000902278	0.000627614	0	0.00383214	1060.7	2055.39	5	9422	
12	13	7	3	1	3	28999	33885177	33270	35420870	0.000897966	0.000632618	0	0.00383214	1064.65	2025.96	5	9422	
12	13	2	4	1	3	22638	33872059	22844	34049870	0.000958508	0.000619459	0	0.003	1490.54	2338.18	7	9422	
12	13	1	5	6	3	11474	22040267	16318	23397513	0.000881445	0.000881644	0	0.00383214	1433.85	2828.33	5	9422	
12	13	1	6	2	3	10396	20258098	14428	21085401	0.000932388	0.000905703	0	0.00383214	1461.42	3006.82	7	9422	
12	13	1	7	3	3	14185	22295788	18986	23050612	0.000879624	0.000831834	0	0.00408214	1214.08	2648.25	4	9422	
13	14	1	1	4	3	8542	20407313	11820	21306643	0.00105374	0.00102821	0	0.00383214	1802.59	3328.96	5	9422	
13	14	1	2	7	3	31273	36503517	36008	37955996	0.00089856	0.000627499	0	0.00383214	1054.1	2040.85	5	9422	
13	14	7	3	1	3	30945	36530312	35639	38295340	0.000900665	0.000638109	0	0.00383214	1074.53	2029.63	5	9422	
13	14	1	4	1	3	24428	36505231	24733	36775225	0.000962205	0.000621028	0	0.003	1486.89	2335.17	7	9422	
13	14	2	5	2	3	13312	24262697	18279	25639582	0.000893562	0.000859385	0	0.00383214	1402.68	2778.51	5	9422	
13	14	1	6	2	3	10539	21582694	14589	22410861	0.000951504	0.000924044	0	0.00383214	1536.15	3088.4	7	9422	
13	14	1	7	3	3	14745	23998840	19537	24751523	0.000894805	0.000843394	0	0.00408214	1266.91	2700.96	4	9422	
14	15	1	1	4	3	9774	21977350	13696	23043623	0.00101427	0.0010051	0	0.00383214	1682.51	3225.95	5	9422	
14	15	3	2	1	3	33033	38335533	37792	39798763	0.000906016	0.000628914	0	0.00383214	1053.1	2064.39	5	9422	
14	15	7	3	1	3	32275	39152237	37086	41044236	0.0009094	0.000642584	0	0.00383214	1106.73	2056.06	5	9422	
14	15	2	4	1	3	26458	39120496	26873	39454656	0.000964817	0.00061942	0	0.003	1468.19	2319.86	7	9422	
14	15	1	5	6	3	13595	25628685	18463	27002944	0.000909761	0.000874912	0	0.00383214	1462.54	2844.39	5	9422	
14	15	1	6	2	3	10682	22909246	14734	23737513	0.000971257	0.000941232	0	0.00383214	1611.07	3165.89	7	9422	
14	15	2	7	3	3	17791	27642324	22886	28476237	0.000891239	0.000805619	0	0.00408214	1244.26	2582.5	4	9422	
15	16	5	1	1	3	10911	23574066	14896	24644551	0.00102275	0.000988385	0	0.00383214	1654.44	3201.48	5	9422	
15	16	1	2	7	3	34862	40741860	39649	42216583	0.000912637	0.000629673	0	0.00383214	1064.76	2083.65	5	9422	
15	16	7	3	1	3	33401	41783041	38356	43870026	0.000919546	0.000648801	0	0.00383214	1143.76	2084.85	5	9422	
15	16	2	4	1	3	28595	41767396	29065	42141876	0.000964085	0.000616093	0	0.003	1449.92	2308.76	7	9422	
15	16	2	5	2	3	15053	27356203	20592	28799703	0.000894784	0.000863318	0	0.00383214	1398.59	2791.97	5	9422	
15	16	1	6	2	3	11024	24268115	15182	25107843	0.000985621	0.000952946	0	0.00383214	1653.79	3215.26	7	9422	
15	16	1	7	3	3	21246	30228751	26559	31118208	0.000890754	0.000770899	0	0.00408214	1171.66	2486.73	4	9422	
16	17	5	1	1	3	12559	25352732	17288	26580109	0.000986324	0.000962158	0	0.00383214	1537.49	3087.33	5	9422	
16	17	1	2	1	3	35064	42043866	39834	43516921	0.000920164	0.000641999	0	0.00383214	1092.46	2134.26	5	9422	
16	17	7	3	1	3	34491	44391916	39623	46726090	0.00092978	0.000655263	0	0.00383214	1179.27	2111.19	5	9422	
16	17	2	4	1	3	30727	44389160	31249	44806322	0.000963119	0.000613451	0	0.003	1433.85	2293.98	7	9422	
16	17	2	5	2	3	17857	29132641	23891	30645595	0.000885777	0.000829773	0	0.00383214	1282.73	2695.54	5	9422	
16	17	1	6	2	3	11279	25626698	15371	26459652	0.00100615	0.000968868	0	0.00383214	1721.4	3282.51	7	9422	
16	17	1	7	3	3	22764	31887598	28811	32832393	0.000881286	0.000768767	0	0.00408214	1139.58	2467.1	4	9422	
17	18	5	1	1	3	14715	28589899	20736	30790504	0.00093045	0.000929073	0	0.00383214	1484.88	2905.98	5	9422	
17	18	3	2	1	3	36491	43892484	41998	45465711	0.000911755	0.000650049	0	0.00383214	1082.57	2140.47	5	9422	
17	18	1	3	1	3	36252	47049529	41467	49457754	0.000934933	0.000656041	0	0.00383214	1192.7	2121.28	5	9422	
17	18	2	4	1	3	32319	47022858	32844	47442588	0.00096268	0.000615065	0	0.003	1444.48	2300.39	7	9422	
17	18	1	5	6	3	18636	30555761	25163	32114040	0.000883048	0.000835749	0	0.00383214	1276.24	2705.29	5	9422	
17	18	1	6	2	3	11805	27473203	15844	28295157	0.00102188	0.00097454	0	0.00383214	1785.86	3315.06	7	9422	
17	18	1	7	3	3	23251	33230261	29295	34174845	0.000892009	0.00077888	0	0.00408214	1166.58	2512.57	4	9422	
18	19	1	1	4	3	15906	30792237	22601	33382560	0.00091456	0.000920099	0	0.00383214	1477.04	2856.79	5	9422	
18	19	1	2	1	3	36709	45203915	42507	46811577	0.000912974	0.000662009	0	0.00383214	1101.27	2179.82	5	9422	
18	19	7	3	1	3	38708	49645481	44022	52110810	0.000939124	0.000651859	0	0.00383214	1183.74	2118.03	5	9422	
18	19	2	4	1	3	33902	49642325	34436	50076052	0.000963511	0.000616821	0	0.003	1454.18	2305.04	7	9422	
18	19	2	5	6	3	19290	32487772	26561	34311577	0.000871038	0.000844782	0	0.00433214	1291.8	2706.77	5	9422	
18	19	1	6	2	3	12023	28776258	16487	29679736	0.00101459	0.000991667	0	0.00383214	1800.19	3332.97	7	9422	
18	19	1	7	3	3	23462	34475733	29504	35429510	0.000902686	0.000791496	0	0.00408214	1200.84	2560.4	4	9422	
19	20	5	1	4	3	16049	32139583	23590	34878788	0.000894403	0.000931152	0	0.00383214	1478.54	2874.49	5	9422	
19	20	1	2	7	3	36852	46526702	43723	48305245	0.000897326	0.00067856	0	0.00383214	1104.8	2204.1	5	9422	
19	20	7	3	1	3	41499	52316415	46880	54816566	0.000939811	0.000644506	0	0.00383214	1169.3	2111.17	5	9422	
19	20	2	4	1	3	35962	52279446	36510	52722835	0.000961973	0.0006146	0	0.003	1444.07	2299.32	7	9422	
19	20	1	5	6	3	21131	34232028	29372	36217305	0.000858199	0.000834099	0	0.00433214	1233.06	2655.6	5	9422	
19	20	3	6	2	3	13878	30465937	18525	31392054	0.00100905	0.000960486	0	0.00383214	1694.58	3251.69	7	9422	
19	20	2	7	3	3	24922	36336469	31188	37321563	0.000901649	0.000787924	0	0.00408214	1196.66	2558.48	4	9422	
20	21	5	1	1	3	17140	33754778	25192	36584241	0.000887987	0.00092558	0	0.00383214	1452.22	2860.15	5	9422	
20	21	3	2	1	3	38435	48313459	46227	50266730	0.000886065	0.000682761	0	0.00383214	1087.39	2200.27	5	9422	
20	21	7	3	1	3	43579	54936809	49019	57476339	0.000943039	0.000643799	0	0.00383214	1172.53	2114.37	5	9422	
20	21	1	4	1	3	38147	54911278	38711	55366921	0.000959955	0.000611703	0	0.003	1430.26	2291.41	7	9422	
20	21	2	5	2	3	21660	35833661	30894	37985421	0.000841088	0.00084068	0	0.00433214	1229.54	2656.34	5	9422	
20	21	3	6	2	3	14738	32212451	19408	33144675	0.00102014	0.000956836	0	0.00383214	1707.78	3250.77	7	9422	
20	21	2	7	3	3	28644	39345468	35069	40375833	0.000901796	0.000759567	0	0.00408214	1151.33	2481.58	4	9422	
21	22	1	1	4	3	19425	35970652	28379	39015105	0.000870863	0.000900658	0	0.00383214	1374.79	2776.45	5	9422	
21	22	3	2	1	3	39808	50895124	47763	52895579	0.000891191	0.000685401	0	0.00383214	1107.46	2212.98	5	9422	
21	22	1	3	1	3	45217	57457391	50689	60015151	0.000946468	0.000644394	0	0.00383214	1183.99	2127.39	5	9422	
21	22	2	4	1	3	40388	57541864	40970	57999763	0.000957959	0.000608611	0	0.003	1415.66	2280.91	7	9422	
21	22	2	5	2	3	24369	39122960	34550	41786986	0.000832428	0.000820289	0	0.00433214	1209.46	2576.49	5	9422	
21	22	1	6	2	3	14968	33566914	19561	34492851	0.00103468	0.000968713	0	0.00383214	1763.35	3304.27	7	9422	
21	22	1	7	3	3	31242	41347791	37863	42396729	0.000902511	0.000746102	0	0.00408214	1119.74	2453.68	4	9422	
22	23	1	1	4	3	20090	37394217	29063	40431550	0.000883561	0.000904928	0	0.00408214	1391.17	2803.33	5	9422	
22	23	3	2	1	3	42245	52880220	50858	54944897	0.000885989	0.000682964	0	0.00383214	1080.36	2193.34	5	9422	
22	23	7	3	1	3	46763	59164878	52907	61856075	0.000938167	0.000649595	0	0.00383214	1169.15	2131.32	5	9422	
22	23	2	4	1	3	42558	60164483	43160	60636974	0.000956596	0.000606351	0	0.003	1404.93	2273.59	7	9422	
22	23	1	5	6	3	27383	42965938	38184	45932039	0.000833895	0.000800842	0	0.00433214	1202.91	2505.86	5	9422	
22	23	1	6	2	3	15599	35569567	20477	36562960	0.00103073	0.000969902	0	0.00383214	1785.56	3297.85	7	9422	
22	23	1	7	3	3	33150	43579095	39851	44650914	0.000905248	0.000740132	0	0.00408214	1120.45	2444.64	4	9422	
23	24	1	1	4	3	20791	39574255	29744	42603329	0.000895065	0.000909498	0	0.00408214	1432.33	2823.23	5	9422	
23	24	1	2	7	3	44532	55524254	53251	57613359	0.000890637	0.000679481	0	0.00383214	1081.92	2188.94	5	9422	
23	24	7	3	1	3	49602	61506990	56253	64318741	0.000931912	0.000646219	0	0.00383214	1143.38	2117.63	5	9422	
23	24	2	4	1	3	44731	62790726	45414	63323493	0.000956427	0.000604913	0	0.003	1394.36	2265.72	7	9422	
23	24	2	5	2	3	30490	47898821	41973	51484372	0.000832794	0.000783688	0	0.00433214	1226.61	2442.07	5	9422	
23	24	1	6	2	3	16081	37452906	20942	38440224	0.00104023	0.000974156	0	0.00383214	1835.56	3319.5	7	9422	
23	24	1	7	3	3	33785	45068088	40553	46154460	0.00091079	0.000745494	0	0.00408214	1138.13	2470.59	4	9422	
24	25	5	1	1	3	21107	40888161	30165	43942065	0.000902773	0.000917544	0	0.00408214	1456.72	2855.11	5	9422	
24	25	3	2	1	3	46011	57103824	54762	59195078	0.000895221	0.000679882	0	0.00383214	1080.95	2204.95	5	9422	
24	25	1	3	1	3	53223	64010668	60001	66843849	0.000929779	0.00063607	0	0.00383214	1114.05	2099.53	5	9422	
24	25	2	4	1	3	46935	65430338	47633	65975817	0.000954957	0.000602888	0	0.003	1385.09	2259.72	7	9422	
24	25	1	5	6	3	33642	51337917	45392	55002595	0.000838261	0.000767261	0	0.00433214	1211.72	2398.18	4	9422	
24	25	1	6	2	3	16978	39184329	22150	40211951	0.00103323	0.000969667	0	0.00383214	1815.44	3295.93	7	9422	
24	25	2	7	3	3	34936	47190736	42216	48444950	0.000906296	0.000748072	0	0.00408214	1147.55	2469.9	4	9422	
25	26	1	1	4	3	21716	42244269	30877	45307772	0.000908644	0.000921658	0	0.00408214	1467.36	2872.71	5	9422	
25	26	1	2	7	3	48828	61802718	57630	63912474	0.000898133	0.000673748	0	0.00383214	1109.01	2198.3	5	9422	
25	26	7	3	1	3	55708	67671293	63032	70766593	0.000924074	0.000635196	0	0.00383214	1122.71	2089.65	5	9422	
25	26	2	4	1	3	49159	68060588	49888	68623508	0.000954338	0.000600921	0	0.003	1375.55	2252.89	7	9422	
25	26	2	5	2	3	35638	52964939	48642	56745951	0.000826356	0.000762552	0	0.00433214	1166.6	2370.7	4	9422	
25	26	1	6	2	3	18246	41545075	23702	42612878	0.0010259	0.000958141	0	0.00383214	1797.86	3256.41	5	9422	
25	26	2	7	3	3	37979	49748174	45899	51176152	0.000900553	0.000736056	0	0.00408214	1114.97	2422.55	4	9422	
26	27	1	1	4	3	21961	43538928	31020	46591721	0.000918285	0.000930381	0	0.00408214	1501.99	2911.87	5	9422	
26	27	3	2	1	3	52083	64716087	61118	66859878	0.000897177	0.000665265	0	0.00383214	1093.95	2178.41	5	9422	
26	27	7	3	1	3	58068	70721186	65883	74046143	0.000920538	0.000635233	0	0.00383214	1123.9	2084.56	5	9422	
26	27	2	4	1	3	51320	70685266	52061	71256475	0.000953372	0.000599336	0	0.003	1368.71	2249.84	7	9422	
26	27	1	5	2	3	36723	54873555	51177	58891872	0.00081092	0.000765212	0	0.00433214	1150.75	2360.5	4	9422	
26	27	1	6	2	3	20469	43157965	26084	44250238	0.00101917	0.000930154	0	0.00383214	1696.45	3191.17	5	9422	
26	27	2	7	3	3	41144	52319951	49384	53820404	0.000900381	0.00072352	0	0.00408214	1089.83	2385.25	4	9422	
27	28	1	1	1	3	22209	44866808	31163	47908576	0.000927837	0.000938846	0	0.00408214	1537.35	2951.84	5	9422	
27	28	3	2	1	3	55830	68839142	64991	71010620	0.000898502	0.000655236	0	0.00383214	1092.62	2152	5	9422	
27	28	7	3	1	3	60312	73318234	68213	76683917	0.000923106	0.000634003	0	0.00383214	1124.18	2086.78	5	9422	
27	28	1	4	1	3	53498	73319369	54286	73918397	0.000953484	0.000598307	0	0.003	1361.65	2244.6	7	9422	
27	28	1	5	6	3	38920	57795777	54225	62246314	0.000807293	0.000759293	0	0.00433214	1147.93	2334.85	4	9422	
27	28	1	6	2	3	20962	44741119	26586	45842544	0.00102766	0.000934452	0	0.00383214	1724.31	3212.04	5	9422	
27	28	2	7	3	3	44181	54329045	52674	55872106	0.000900277	0.000712609	0	0.00408214	1060.72	2355.28	4	9422	
28	29	1	1	4	3	22454	46181258	31313	49213051	0.000937918	0.000947865	0	0.00408214	1571.65	2989.61	5	9422	
28	29	3	2	1	3	58523	71982754	68312	74429072	0.000895814	0.000654487	0	0.00383214	1089.55	2136.8	5	9422	
28	29	1	3	1	3	61916	75417834	70299	78869148	0.000921435	0.000637598	0	0.00383214	1121.91	2095.06	5	9422	
28	29	2	4	1	3	55537	75941592	56362	76554268	0.000953542	0.000597921	0	0.003	1358.26	2242.83	7	9422	
28	29	2	5	2	3	40221	59266853	55989	63756491	0.00080831	0.000759605	0	0.00433214	1138.73	2341.96	4	9422	
28	29	3	6	2	3	21221	46061787	26906	47167848	0.0010352	0.000942023	0	0.00383214	1753.06	3242.12	5	9422	
28	29	2	7	3	3	47103	56761643	55797	58342105	0.000902611	0.000704521	0	0.00408214	1045.61	2332.49	4	9422	
29	30	1	1	4	3	22764	47579798	31736	50616758	0.000943805	0.000954688	0	0.00408214	1594.93	3014.31	5	9422	
29	30	3	2	1	3	62144	74885429	72059	77358881	0.000899333	0.000647343	0	0.00383214	1073.55	2116.33	5	9422	
29	30	1	3	1	3	64359	78505537	72855	82023736	0.000923898	0.00063587	0	0.00383214	1125.85	2095.44	5	9422	
29	30	2	4	1	3	57063	78574633	57941	79234661	0.000955207	0.000600214	0	0.003	1367.51	2246.85	7	9422	
29	30	1	5	6	3	41330	60624472	57154	65125528	0.000814608	0.000761133	0	0.00433214	1139.47	2353.8	4	9422	
29	30	3	6	2	3	21486	47415711	27801	48604833	0.0010213	0.000950353	0	0.00383214	1748.31	3247.25	5	9422	
29	30	1	7	3	3	47713	58149746	56553	59742526	0.000905938	0.000710307	0	0.00408214	1056.4	2356.65	4	9422	
30	31	1	1	4	3	22907	48913953	32054	51967637	0.000947825	0.000962339	0	0.00408214	1621.25	3045.38	5	9422	
30	31	3	2	1	3	64069	77652820	74547	80325927	0.000896852	0.000648733	0	0.00383214	1077.52	2116.2	5	9422	
30	31	7	3	1	3	65738	80085990	74306	83611005	0.000927317	0.000638195	0	0.00383214	1125.23	2109.14	5	9422	
30	31	2	4	1	3	58692	81193358	59641	81911666	0.000957038	0.000601771	0	0.003	1373.41	2251.47	7	9422	
30	31	2	5	2	3	41964	62176236	57807	66681222	0.000820358	0.000765532	0	0.00433214	1153.51	2374.96	4	9422	
30	31	1	6	2	3	22528	49073201	29419	50314970	0.00100678	0.000945951	0	0.00383214	1710.29	3219.65	5	9422	
30	31	2	7	3	3	48759	60204008	58323	62249125	0.000899954	0.000715244	0	0.00408214	1067.32	2355.94	4	9422	
31	32	5	1	1	3	23049	50173516	32240	53240923	0.000955663	0.00096983	0	0.00408214	1651.39	3076.39	5	9422	
31	32	3	2	1	3	65574	79750419	76494	82521396	0.000895283	0.000650896	0	0.00383214	1078.8	2122.34	5	9422	
31	32	1	3	1	3	68745	82661168	77820	86415338	0.00092352	0.000635739	0	0.00383214	1110.45	2096.65	5	9422	
31	32	2	4	1	3	60912	83839211	61937	84603896	0.000957331	0.000600819	0	0.003	1365.97	2246.71	7	9422	
31	32	2	5	2	3	45044	64751175	61539	69360512	0.000818899	0.000754681	0	0.00433214	1127.1	2343.54	4	9422	
31	32	1	6	2	3	25613	51404746	32573	52651010	0.0010006	0.0009122	0	0.00383214	1616.4	3129.96	5	9422	
31	32	2	7	3	3	51663	62145788	61602	64238279	0.000898239	0.00070754	0	0.00408214	1042.8	2332.69	4	9422	
32	33	1	1	4	3	24075	51749559	34016	54949400	0.000941447	0.000964586	0	0.00408214	1615.4	3050.39	5	9422	
32	33	1	2	7	3	67323	82044106	78296	84824771	0.000898494	0.000651229	0	0.00383214	1083.39	2129.36	5	9422	
32	33	7	3	1	3	71047	86534416	80172	90310431	0.000924634	0.00063371	0	0.00383214	1126.46	2096.27	5	9422	
32	33	1	4	1	3	63113	86452121	64205	87260068	0.000957461	0.000599887	0	0.003	1359.09	2242.25	7	9422	
32	33	2	5	2	3	48541	66815526	65275	71461932	0.00082417	0.000742704	0	0.00433214	1094.78	2316.09	4	9422	
32	33	1	6	2	3	26611	52863760	33659	54116574	0.0010045	0.000909381	0	0.00383214	1607.79	3130.25	5	9422	
32	33	2	7	3	3	53935	63740828	64169	65866313	0.00089987	0.00070332	0	0.00408214	1026.45	2325.63	4	9422	
33	34	5	1	1	3	25365	53503361	35343	56703854	0.000948401	0.000957758	0	0.00408214	1604.39	3041.06	5	9422	
33	34	3	2	1	3	67745	83332101	78688	86100876	0.000903071	0.000657619	0	0.00383214	1094.21	2150.27	5	9422	
33	34	7	3	1	3	73122	89161842	82314	92982302	0.000927749	0.000633787	0	0.00383214	1129.6	2097.22	5	9422	
33	34	2	4	5	3	65319	89101921	66485	89955434	0.000957633	0.000598978	0	0.003	1353.02	2239.19	7	9422	
33	34	1	5	6	3	51111	68345138	67967	73000067	0.00082889	0.000736161	0	0.00433214	1074.05	2308.37	4	9422	
33	34	1	6	2	3	26944	54152191	33995	55414454	0.00101531	0.000916942	0	0.00383214	1630.08	3153.67	5	9422	
33	34	2	7	3	3	57257	65701507	68022	67883276	0.000895636	0.000695135	0	0.00408214	997.961	2299.81	4	9422	
34	35	5	1	1	3	27513	56461456	38737	60180488	0.000923098	0.00094008	0	0.00408214	1553.57	2957.88	5	9422	
34	35	3	2	1	3	69697	85919368	80956	88837151	0.000902962	0.000657925	0	0.00408214	1097.35	2151.49	5	9422	
34	35	7	3	1	3	74436	91776128	83746	95730089	0.000930903	0.000636047	0	0.00383214	1143.1	2106.55	5	9422	
34	35	1	4	1	3	67533	91730134	68832	92656838	0.00095872	0.000598511	0	0.003	1346.13	2233.21	7	9422	
34	35	1	5	6	3	53290	70229097	70457	74892526	0.000830683	0.000732078	0	0.00433214	1062.95	2301.5	4	9422	
34	35	1	6	2	3	27361	55459135	34428	56721887	0.00102364	0.000921846	0	0.00383214	1647.55	3173.63	5	9422	
34	35	2	7	3	3	60311	67881954	71660	70165466	0.000893604	0.000689156	0	0.00408214	979.144	2275.91	4	9422	
35	36	1	1	4	3	28420	58500296	39978	62419808	0.000922309	0.000937945	0	0.00408214	1561.35	2951.48	5	9422	
35	36	1	2	7	3	72096	88129931	83991	91241844	0.000901302	0.000658146	0	0.00408214	1086.33	2144.71	5	9422	
35	36	7	3	1	3	76031	94397506	85430	98432734	0.000933398	0.000637088	0	0.00383214	1152.2	2113.95	5	9422	
35	36	2	4	1	3	69149	94352558	70460	95278902	0.000958908	0.000599539	0	0.003	1352.24	2238.61	7	9422	
35	36	1	5	6	3	53522	71555906	70651	76215998	0.000835628	0.000738788	0	0.00433214	1078.77	2327.83	4	9422	
35	36	1	6	2	3	27697	56717829	34775	57981487	0.00103204	0.000927276	0	0.00383214	1667.33	3193.67	4	9422	
35	36	1	7	3	3	61570	69435624	73351	71791854	0.000893169	0.000692032	0	0.00408214	978.744	2282.41	4	9422	
36	37	1	1	4	3	28563	59847642	40121	63757837	0.00092964	0.000944379	0	0.00408214	1589.14	2982.98	5	9422	
36	37	3	2	7	3	74172	90173246	87566	93664185	0.000889105	0.0006613	0	0.00408214	1069.64	2132.97	5	9422	
36	37	7	3	1	3	78075	97035929	87532	101133174	0.000935132	0.000636121	0	0.00383214	1155.39	2116.72	5	9422	
36	37	2	4	1	3	70806	96974529	72149	97930694	0.000959507	0.000600546	0	0.003	1357.34	2243.86	7	9422	
36	37	1	5	6	3	54846	73525710	72274	78229136	0.000837334	0.000739462	0	0.00433214	1082.4	2333.9	4	9422	
36	37	3	6	2	3	28565	58128458	35908	59418358	0.00102979	0.000926284	0	0.00383214	1654.74	3189.26	4	9422	
36	37	1	7	3	3	62084	70977441	74041	73393399	0.000894977	0.000697555	0	0.00408214	991.253	2302.87	4	9422	
37	38	1	1	4	3	28706	61154463	40561	65239000	0.000930132	0.000950588	0	0.00408214	1608.42	3002.01	5	9422	
37	38	3	2	1	3	77638	94501378	91250	98081415	0.000891181	0.000656226	0	0.00408214	1074.86	2118.64	5	9422	
37	38	7	3	1	3	79804	99677812	89322	103832900	0.000936717	0.000636265	0	0.00383214	1162.46	2121.68	5	9422	
37	38	2	4	1	3	72351	99606259	73739	100611266	0.000960397	0.000601907	0	0.003	1364.42	2247.58	7	9422	
37	38	2	5	6	3	55661	75795012	73112	80498594	0.000841119	0.000742487	0	0.00433214	1101.03	2349.86	4	9422	
37	38	1	6	2	3	29449	59820805	36931	61157979	0.00103264	0.000924158	0	0.00383214	1656.01	3184.76	4	9422	
37	38	1	7	3	3	62951	72412687	75011	74827748	0.000897974	0.000700288	0	0.00408214	997.557	2318.97	4	9422	
38	39	1	1	4	3	28848	62458083	40711	66552777	0.000937242	0.000956784	0	0.00408214	1634.76	3030.24	5	9422	
38	39	3	2	1	3	80128	97363825	94614	101284623	0.000887168	0.000656481	0	0.00408214	1070.5	2108.57	5	9422	
38	39	1	3	1	3	82148	102306819	91709	106478436	0.000938292	0.000634979	0	0.00383214	1161.05	2118.76	5	9422	
38	39	2	4	1	3	73658	102206732	75101	103269649	0.000962481	0.000604455	0	0.003	1375.08	2255.97	7	9422	
38	39	1	5	6	3	55870	77087731	73271	81788003	0.000845546	0.000748315	0	0.00433214	1116.24	2373.54	4	9422	
38	39	1	6	2	3	29958	61407917	37949	62963654	0.00102444	0.000927691	0	0.00383214	1659.17	3180.04	4	9422	
38	39	1	7	3	3	63769	74953778	75834	77382653	0.000901606	0.000703341	0	0.00408214	1020.42	2337.43	4	9422	
39	40	1	1	4	3	28991	63762323	40858	67857437	0.00094437	0.000962844	0	0.00408214	1660.81	3057.29	5	9422	
39	40	1	2	7	3	81779	99304797	97885	103657526	0.000876121	0.000660495	0	0.00408214	1058.97	2101.69	5	9422	
39	40	7	3	1	3	84885	104910314	94502	109088874	0.000939793	0.000632611	0	0.00383214	1154.36	2115.27	5	9422	
39	40	2	4	1	3	75607	104848483	77083	105936740	0.000962084	0.00060417	0	0.003	1374.32	2257.25	7	9422	
39	40	2	5	2	3	58435	80311884	76122	85119381	0.00084726	0.000742758	0	0.00433214	1118.2	2359.16	4	9422	
39	40	3	6	2	3	32858	63714003	41085	65325279	0.00101587	0.000903901	0	0.00383214	1590	3110.48	4	9422	
39	40	1	7	3	3	64208	76699478	76391	79164546	0.000904182	0.000707836	0	0.00408214	1036.31	2357.44	4	9422	
40	41	1	1	4	3	29134	65101169	41009	69197123	0.000951354	0.00096877	0	0.00408214	1687.36	3085.42	5	9422	
40	41	1	2	7	3	82547	100844649	99027	105223594	0.000876282	0.000663734	0	0.00408214	1062.57	2113.59	5	9422	
40	41	1	3	1	3	86564	107423298	96286	111689976	0.000941857	0.000633445	0	0.00383214	1159.98	2120.87	5	9422	
40	41	2	4	1	3	77675	107493335	79296	108680033	0.000963097	0.000604369	0	0.003	1370.56	2253.95	7	9422	
40	41	1	5	2	3	61178	82135943	79020	86962300	0.000851242	0.000736656	0	0.00433214	1100.51	2348	4	9422	
40	41	1	6	2	3	35622	66809332	43897	68440597	0.0010121	0.000884578	0	0.00383214	1559.12	3055.36	4	9422	
40	41	1	7	3	3	64388	78041000	77241	80871708	0.000900227	0.000714657	0	0.00408214	1047	2372.41	4	9422	
41	42	1	1	4	3	29277	66410982	41161	70507791	0.000958263	0.000974567	0	0.00408214	1712.98	3111.45	5	9422	
41	42	1	2	7	3	82690	102119130	99258	106501473	0.000878565	0.000668349	0	0.00408214	1072.98	2132.59	5	9422	
41	42	7	3	1	3	88498	109140326	98265	113422568	0.000943435	0.000633084	0	0.00383214	1154.25	2125.29	5	9422	
41	42	1	4	1	3	79639	110119567	81388	111390716	0.00096431	0.000604638	0	0.003	1368.64	2253	7	9422	
41	42	2	5	2	3	64326	84029674	82287	88860265	0.000854467	0.000729063	0	0.00433214	1079.88	2331.83	4	9422	
41	42	1	6	2	3	35842	68155205	44067	69781422	0.00101836	0.000890875	0	0.00383214	1583.53	3081.85	4	9422	
41	42	1	7	3	3	64742	79473636	77776	82426818	0.000901262	0.000719509	0	0.00408214	1059.8	2388.99	4	9422	
42	43	1	1	4	3	29420	67749062	41366	71852129	0.000963885	0.000980219	0	0.00408214	1736.99	3136.75	5	9422	
42	43	1	2	1	3	84035	104164647	100704	108576347	0.000881213	0.000670047	0	0.00408214	1078.17	2140.18	5	9422	
42	43	7	3	1	3	89713	110613531	99497	114898092	0.000946083	0.000634839	0	0.00383214	1154.79	2136.02	5	9422	
42	43	2	4	1	3	81716	112752269	83588	114082416	0.000964146	0.000604404	0	0.003	1364.82	2251.88	7	9422	
42	43	2	5	2	3	67996	86632253	86090	91490202	0.000858125	0.000720373	0	0.00433214	1062.73	2310.05	4	9422	
42	43	3	6	2	3	36176	69520711	44606	71172461	0.00101934	0.000895469	0	0.00383214	1595.58	3097.65	4	9422	
42	43	1	7	3	3	64981	80788397	77919	83737873	0.000905113	0.000724439	0	0.00408214	1074.68	2412.1	4	9422	
43	44	1	1	4	3	29563	69062740	41577	73163341	0.00096924	0.000985711	0	0.00408214	1759.71	3159.84	5	9422	
43	44	3	2	1	3	85925	106179846	102690	110618325	0.000883616	0.00066918	0	0.00408214	1077.21	2144.55	5	9422	
43	44	7	3	1	3	92211	112582359	102057	116873608	0.000946714	0.000632747	0	0.00383214	1145.18	2134.33	5	9422	
43	44	2	4	1	3	83739	115391122	85712	116780481	0.000964884	0.000604489	0	0.003	1362.48	2250.94	7	9422	
43	44	1	5	6	3	70924	89572306	89213	94475813	0.000861145	0.000715036	0	0.00433214	1058.99	2298.35	4	9422	
43	44	3	6	2	3	38697	71797781	48064	73687981	0.000998837	0.000881874	0	0.00383214	1533.12	3031	4	9422	
43	44	1	7	3	3	65483	82310278	78355	85264030	0.000908762	0.000728349	0	0.00408214	1088.18	2430.3	4	9422	
44	45	1	1	4	3	29811	70457723	42318	74756728	0.00096441	0.00098996	0	0.00408214	1766.55	3165.42	5	9422	
44	45	3	2	1	3	88944	107964198	105879	112421659	0.000884523	0.000664975	0	0.00408214	1061.79	2139.32	5	9422	
44	45	7	3	1	3	94692	116052368	105736	120739621	0.000936918	0.000634756	0	0.00383214	1141.9	2123.2	5	9422	
44	45	2	4	1	3	86097	118022392	88165	119468442	0.00096416	0.000603138	0	0.003	1355.06	2246.29	7	9422	
44	45	2	5	2	3	73647	93199772	92922	98512065	0.000856001	0.000711884	0	0.00433214	1060.16	2276.24	4	9422	
44	45	1	6	2	3	41443	73712907	51229	75684087	0.000989148	0.000866459	0	0.00383214	1477.37	2980.41	4	9422	
44	45	1	7	3	3	65648	83646978	78545	86591738	0.000912019	0.000733232	0	0.00408214	1102.45	2452.76	4	9422	
45	46	1	1	4	3	30037	71791740	42467	76091977	0.000971282	0.000995325	0	0.00408214	1791.79	3190.33	5	9422	
45	46	1	2	1	3	90930	109883697	107919	114349745	0.000887025	0.000664262	0	0.00408214	1059.59	2141.7	5	9422	
45	46	1	3	1	3	96785	120234042	107896	124967168	0.000937331	0.00063365	0	0.00383214	1158.22	2124.9	5	9422	
45	46	2	4	1	3	88265	120642838	90462	122167761	0.000964701	0.000602844	0	0.003	1350.49	2242.41	7	9422	
45	46	2	5	2	3	77224	97474952	96749	102925987	0.000858311	0.000704754	0	0.00433214	1063.85	2254.28	4	9422	
45	46	1	6	2	3	42083	75052307	51882	77014802	0.000994681	0.000868457	0	0.00383214	1484.42	2991.52	4	9422	
45	46	2	7	3	3	65849	84987426	80629	88080714	0.000894437	0.000742012	0	0.00408214	1092.42	2450.78	4	9422	
46	47	1	1	4	3	30180	73104911	42628	77406977	0.000977677	0.00100055	0	0.00408214	1815.87	3213.32	5	9422	
46	47	1	2	1	3	92157	111366344	109165	115834443	0.000889818	0.000665723	0	0.00408214	1061.1	2152.13	5	9422	
46	47	7	3	1	3	98381	123359290	109527	128107121	0.000938541	0.000634298	0	0.00383214	1169.64	2131.95	5	9422	
46	47	2	4	1	3	90387	123265829	92680	124854427	0.000964756	0.000602453	0	0.003	1347.16	2239.91	7	9422	
46	47	1	5	6	3	78553	99290116	98479	104828204	0.000858403	0.000705678	0	0.00433214	1064.47	2258.16	4	9422	
46	47	3	6	2	3	42685	77005279	52603	78985181	0.000997292	0.000870701	0	0.00383214	1501.53	3000.51	4	9422	
46	47	2	7	3	3	68942	87949147	84061	91118452	0.000894384	0.000734944	0	0.00408214	1083.96	2429.17	4	9422	
47	48	1	1	4	3	30323	74429217	42773	78731493	0.000984392	0.00100567	0	0.00408214	1840.68	3236.78	5	9422	
47	48	1	2	7	3	93943	112810018	111008	117272940	0.000891674	0.000665124	0	0.00408214	1056.44	2156.65	5	9422	
47	48	1	3	1	3	99603	125968626	110877	130870023	0.00094148	0.000636245	0	0.00383214	1180.32	2137.58	5	9422	
47	48	2	4	1	3	92368	125888875	94761	127558124	0.000965433	0.000602604	0	0.003	1346.1	2240.08	7	9422	
47	48	1	5	6	3	80004	100772943	100443	106362458	0.000857499	0.00070635	0	0.00433214	1058.93	2260	4	9422	
47	48	3	6	2	3	45926	79269621	55964	81273449	0.000994107	0.000853406	0	0.00383214	1452.25	2949.11	4	9422	
47	48	1	7	3	3	71841	89815658	87185	93012069	0.000895337	0.000728808	0	0.00408214	1066.84	2412.99	4	9422	
48	49	1	1	4	3	30466	75742674	42964	80049929	0.000990001	0.00101067	0	0.00408214	1863.19	3257.97	5	9422	
48	49	1	2	7	3	94186	114127612	111189	118584299	0.000894699	0.000669348	0	0.00408214	1066.51	2174.63	5	9422	
48	49	7	3	1	3	102084	128572409	113404	133510847	0.000942448	0.000634647	0	0.00383214	1177.3	2136.34	5	9422	
48	49	1	4	1	3	94391	128529729	96833	130222848	0.000964883	0.000602361	0	0.003	1344.82	2240.01	7	9422	
48	49	2	5	6	3	80677	102458685	101453	108056277	0.00085741	0.000709471	0	0.00433214	1065.09	2269.74	4	9422	
48	49	1	6	2	3	47298	80904747	57385	82915306	0.000997102	0.000850454	0	0.00383214	1444.9	2943.7	4	9422	
48	49	2	7	3	3	74720	91691738	90228	94906943	0.000896819	0.000723132	0	0.00408214	1051.86	2398.76	4	9422	
49	50	1	1	4	3	30609	77019803	43115	81327898	0.000996484	0.00101559	0	0.00408214	1886.3	3278.29	5	9422	
49	50	1	2	7	3	94430	115428281	111338	119884961	0.000897552	0.000673448	0	0.00408214	1076.77	2192.34	5	9422	
49	50	7	3	1	3	103550	131214624	114968	136259739	0.00094436	0.000635603	0	0.00383214	1185.2	2142.4	5	9422	
49	50	2	4	1	3	96528	131149537	99077	132899034	0.000965227	0.000601939	0	0.003	1341.37	2238.53	7	9422	
49	50	2	5	2	3	83673	104829078	105088	110593050	0.000856111	0.000705594	0	0.00433214	1052.39	2254.92	4	9422	
49	50	1	6	2	3	47848	82941766	57894	84941376	0.00100167	0.000853584	0	0.00383214	1467.19	2956.72	4	9422	
49	50	1	7	3	3	75828	93066492	91404	96285594	0.000899362	0.000723981	0	0.00408214	1053.41	2407.16	4	9422	
50	51	1	1	4	3	30867	78404162	43660	82827692	0.0009964	0.00101917	0	0.00408214	1897.11	3285.58	5	9422	
50	51	3	2	1	3	94684	116778571	111594	121234794	0.000900405	0.000677821	0	0.00408214	1086.39	2210.11	5	9422	
50	51	7	3	1	3	104981	133852774	116492	139004802	0.000946061	0.00063645	0	0.00383214	1193.26	2148.2	5	9422	
50	51	2	4	1	3	98826	133811902	101498	135617920	0.000965058	0.000601252	0	0.003	1336.16	2234.91	7	9422	
50	51	2	5	2	3	86720	107579879	108682	113529308	0.000856391	0.000702015	0	0.00433214	1044.6	2239.64	4	9422	
50	51	3	6	2	3	49547	84713343	59761	86734407	0.00100092	0.000848852	0	0.00383214	1451.35	2942.49	4	9422	
50	51	1	7	3	3	76100	94418321	91688	97637645	0.000902708	0.000727948	0	0.00408214	1064.89	2426.35	4	9422	
51	52	5	1	1	3	31784	79814761	44668	84247558	0.000999477	0.00101571	0	0.00408214	1886.08	3279.18	5	9422	
51	52	1	2	7	3	95081	118325790	112081	122787298	0.0009023	0.000681072	0	0.00408214	1095.52	2224.8	5	9422	
51	52	7	3	1	3	106026	136469619	117637	141712887	0.000947993	0.000638301	0	0.00383214	1204.66	2157.7	5	9422	
51	52	2	4	1	3	100995	136409285	103807	138307160	0.000965128	0.000600973	0	0.003	1332.35	2231.82	7	9422	
51	52	2	5	2	3	90462	110419357	112623	116425772	0.0008578	0.000695295	0	0.00433214	1033.77	2222.6	4	9422	
51	52	1	6	2	3	52930	87341231	63316	89393885	0.000998065	0.000833979	0	0.00383214	1411.87	2894.43	4	9422	
51	52	2	7	3	3	79065	96314957	94852	99548739	0.000902877	0.000721987	0	0.00408214	1049.52	2410.95	4	9422	
52	53	1	1	4	3	34174	82421880	47732	87190628	0.000985494	0.000996948	0	0.00408214	1826.67	3212.87	5	9422	
52	53	1	2	7	3	95224	119639017	112224	124100525	0.000904973	0.000684739	0	0.00408214	1105.83	2242.16	5	9422	
52	53	1	3	1	3	107691	139062646	119366	144369746	0.000949473	0.000638923	0	0.00383214	1209.47	2161.94	5	9422	
52	53	2	4	1	3	103085	139063614	105979	141005814	0.000965093	0.000600932	0	0.003	1330.51	2230.18	7	9422	
52	53	2	5	2	3	92057	112076961	114444	118099231	0.000859655	0.000695506	0	0.00433214	1031.94	2226.76	4	9422	
52	53	3	6	2	3	56472	89471411	66888	91522600	0.00099583	0.000818728	0	0.00383214	1368.3	2850.73	4	9422	
52	53	1	7	3	3	81089	98560899	97034	101817766	0.000904124	0.000719656	0	0.00408214	1049.3	2408.04	4	9422	
53	54	5	1	1	3	34496	84042476	48678	89287153	0.000978401	0.000999578	0	0.00408214	1834.24	3209.49	5	9422	
53	54	1	2	7	3	95398	120972446	113150	125710324	0.000901633	0.000689964	0	0.00408214	1111.01	2251.96	5	9422	
53	54	7	3	1	3	109235	141754800	121017	147166714	0.000951192	0.000639775	0	0.00383214	1216.08	2166.18	5	9422	
53	54	2	4	1	3	105261	141686180	108316	143723249	0.000966186	0.000600897	0	0.003	1326.89	2227.22	7	9422	
53	54	2	5	2	3	94736	114133838	117686	120259860	0.000859567	0.000693222	0	0.00433214	1021.87	2218.09	4	9422	
53	54	3	6	2	3	59132	91470432	69620	93529398	0.000995342	0.000809681	0	0.00383214	1343.43	2825.5	4	9422	
53	54	1	7	3	3	83599	100464808	99728	103761474	0.000905109	0.000716119	0	0.00408214	1040.44	2397.87	4	9422	
54	55	5	1	1	3	36902	88938573	52234	95663422	0.000958432	0.000982343	0	0.00408214	1831.44	3124.88	5	9422	
54	55	3	2	1	3	98775	126967387	116747	131861991	0.000903932	0.000686371	0	0.00408214	1129.47	2236.86	5	9422	
54	55	7	3	1	3	111301	144374258	123136	149813390	0.000952451	0.000639385	0	0.00383214	1216.65	2166.36	5	9422	
54	55	2	4	5	3	107462	144323332	110643	146433072	0.000966766	0.000600654	0	0.003	1323.47	2225.54	7	9422	
54	55	1	5	2	3	97331	116518889	121330	122992508	0.00085596	0.000692143	0	0.00433214	1013.7	2205.23	4	9422	
54	55	3	6	2	3	59434	92756157	69927	94824777	0.000999571	0.000813378	0	0.00383214	1356.05	2841.41	4	9422	
54	55	2	7	3	3	84925	101853181	101392	105173004	0.00090421	0.000716813	0	0.00408214	1037.29	2400.01	4	9422	
55	56	1	1	4	3	39431	91937560	55783	99211745	0.000941409	0.000965255	0	0.00408214	1778.53	3062.6	5	9422	
55	56	3	2	1	3	101475	130155804	120120	135378499	0.000901598	0.000684821	0	0.00408214	1127.03	2224.91	5	9422	
55	56	7	3	1	3	112944	146999945	124882	152555409	0.000954091	0.000639906	0	0.00383214	1221.6	2168.55	5	9422	
55	56	1	4	1	3	109752	146940444	113047	149120425	0.000966893	0.000600015	0	0.003	1319.1	2220.73	7	9422	
55	56	2	5	6	3	99673	118563490	124760	125233197	0.000852621	0.000691827	0	0.00433214	1003.79	2194.86	4	9422	
55	56	1	6	2	3	59676	94079815	70106	96144799	0.00100389	0.000817513	0	0.00383214	1371.42	2860.21	4	9422	
55	56	2	7	3	3	86766	103351655	103348	106680602	0.000905648	0.0007152	0	0.00408214	1032.25	2400.05	4	9422	
56	57	1	1	4	3	41619	93808049	58612	101190648	0.000934337	0.000953155	0	0.00408214	1726.45	3027.53	5	9422	
56	57	1	2	7	3	103548	134068456	122385	139326975	0.000902513	0.000683887	0	0.00408214	1138.43	2225.1	5	9422	
56	57	1	3	1	3	114297	149614129	126358	155317778	0.000956272	0.00064111	0	0.00383214	1229.19	2172.93	5	9422	
56	57	2	4	1	3	111748	149577473	115179	151842514	0.000967507	0.000600268	0	0.003	1318.32	2220.32	7	9422	
56	57	2	5	2	3	102436	120677418	127944	127431931	0.000852812	0.000689281	0	0.00433214	995.998	2187.01	4	9422	
56	57	1	6	2	3	60177	95823844	70561	97884155	0.00100725	0.000820216	0	0.00383214	1387.23	2872.25	4	9422	
56	57	1	7	3	3	88192	104891271	104851	108232120	0.000907514	0.000715023	0	0.00408214	1032.25	2402.88	4	9422	
57	58	1	1	4	3	41976	95165220	59249	102573797	0.000935383	0.000955982	0	0.00408214	1731.23	3037.3	5	9422	
57	58	3	2	1	3	105896	135950172	124933	141239371	0.000903892	0.000682549	0	0.00408214	1130.52	2222.31	5	9422	
57	58	7	3	1	3	115713	152240052	127873	158058212	0.000957965	0.000642208	0	0.00383214	1236.06	2177.17	5	9422	
57	58	2	4	1	3	113289	152221259	116806	154584767	0.000968724	0.000601452	0	0.003	1323.43	2223.51	7	9422	
57	58	1	5	6	3	103517	122586935	129203	129393974	0.000854842	0.000690698	0	0.00433214	1001.48	2195.08	4	9422	
57	58	1	6	2	3	60419	97125732	70713	99180075	0.00101142	0.000824351	0	0.00383214	1402.57	2890.14	4	9422	
57	58	1	7	3	3	88795	106498622	105379	109835695	0.000909888	0.000717619	0	0.00408214	1042.29	2416.1	4	9422	
58	59	1	1	4	3	42213	96507047	59467	103914105	0.000941681	0.000961328	0	0.00408214	1747.42	3055.07	5	9422	
58	59	1	2	7	3	107476	137606411	126714	142922514	0.000905603	0.000683223	0	0.00408214	1127.91	2225.63	5	9422	
58	59	1	3	1	3	117387	154885835	129632	160792006	0.000959061	0.000642635	0	0.00383214	1240.37	2178.83	5	9422	
58	59	2	4	1	3	114734	154844253	118352	157318307	0.000969976	0.000602906	0	0.003	1329.24	2226.91	7	9422	
58	59	2	5	2	3	103960	124404678	129958	131514654	0.000855018	0.000693781	0	0.00433214	1011.98	2205.82	4	9422	
58	59	1	6	2	3	60571	98383370	70859	100437303	0.00101539	0.00082835	0	0.00383214	1417.42	2906.79	4	9422	
58	59	1	7	3	3	88986	107825304	105816	111176258	0.000910413	0.00072184	0	0.00408214	1050.66	2430.41	4	9422	
59	60	5	1	1	3	42469	97670744	59652	105079516	0.000946451	0.000965058	0	0.00408214	1761.54	3069.24	5	9422	
59	60	3	2	1	3	108297	138900038	127564	144227632	0.000908158	0.000685036	0	0.00408214	1130.63	2234.12	5	9422	
59	60	7	3	1	3	119055	157296724	131465	163305034	0.000959399	0.000643144	0	0.00383214	1242.19	2179.27	5	9422	
59	60	2	4	1	3	116191	157248719	119940	159817630	0.000971058	0.000604013	0	0.003	1332.48	2228.8	7	9422	
59	60	2	5	2	3	104760	125984831	131073	133140688	0.000855505	0.000695848	0	0.00433214	1015.78	2213.88	4	9422	
59	60	3	6	2	3	60704	99597804	71126	101660787	0.00101719	0.000832401	0	0.00383214	1429.31	2921.25	4	9422	
59	60	2	7	3	3	89998	109225370	107015	112602452	0.000911143	0.000722935	0	0.00408214	1052.21	2436.38	4	9422	
