% start	end	CellId	IMSI	RNTI	LCID	nTxPDUs	TxBytes	nRxPDUs	RxBytes	delay	stdDev	min	max	PduSize	stdDev	min	max
0	1	2	1	1	3	2831	2205280	2878	2203937	0.000942783	0.000491274	0	0.003	765.788	1828.29	19	9422	
0	1	6	2	1	3	2033	1427360	2182	1436668	0.000945909	0.000572356	0	0.003	658.418	2109.36	9	9422	
0	1	6	3	2	3	3169	2259891	3335	2293772	0.000891901	0.000473014	0	0.003	687.788	1691.57	12	9422	
0	1	1	4	1	3	1808	2325645	1897	2370555	0.0010331	0.00063323	0	0.003	1249.63	2182.72	14	9422	
0	1	6	5	3	3	2397	2139718	2743	2239174	0.000857188	0.00056937	0	0.003	816.323	1878.22	7	9422	
0	1	4	6	2	3	710	1702400	725	1696409	0.00121007	0.000870495	0	0.003	2339.87	3131.75	18	9422	
0	1	2	7	2	3	340	1176165	346	1176235	0.00176381	0.0010385	0	0.003	3399.52	4398.64	9	9422	
1	2	2	1	1	3	4616	4266812	4691	4266673	0.00098577	0.000560978	0	0.00383214	909.544	2088.47	9	9422	
1	2	6	2	1	3	5107	3311045	5719	3388174	0.000888335	0.00055679	0	0.003	592.442	1926.19	4	9422	
1	2	6	3	7	3	6152	4836291	6926	5102498	0.000861287	0.000523781	0	0.003	736.716	1716.59	9	9422	
1	2	1	4	4	3	3966	4705184	4084	4751987	0.00100613	0.000610332	0	0.00383214	1163.56	2123.04	14	9422	
1	2	6	5	3	3	3719	3821981	4694	4021588	0.000817627	0.000657937	0	0.003	856.751	2080	4	9422	
1	2	1	6	1	3	1176	3373443	1290	3402582	0.001242	0.000978749	0	0.00383214	2637.66	3406.02	18	9422	
1	2	1	7	3	3	831	2514904	860	2516694	0.00166795	0.00102608	0	0.00383214	2926.39	4169.83	9	9422	
2	3	1	1	5	3	5190	5585230	5277	5595489	0.00103769	0.000640541	0	0.00383214	1060.35	2379.75	9	9422	
2	3	6	2	1	3	6960	5056818	8527	5257193	0.000829934	0.000612037	0	0.003	616.535	1952.19	4	9422	
2	3	6	3	2	3	8887	7591635	9937	7974656	0.000868252	0.000535133	0	0.003	802.521	1763.59	5	9422	
2	3	1	4	4	3	6024	6851987	6247	6910897	0.000994093	0.000608477	0	0.00383214	1106.27	2150.24	8	9422	
2	3	1	5	3	3	4216	5148042	5261	5350054	0.000874156	0.000728505	0	0.003	1016.93	2396.53	4	9422	
2	3	4	6	2	3	2600	5654432	3208	5735227	0.000985453	0.000871722	0	0.00383214	1787.79	2940.66	9	9422	
2	3	2	7	2	3	1064	3851028	1070	3841271	0.00186872	0.00106537	0	0.00383214	3589.97	4410.38	9	9422	
3	4	1	1	5	3	7383	7396203	7500	7410421	0.00103316	0.000622956	0	0.00383214	988.056	2330.56	9	9422	
3	4	6	2	1	3	9118	6601767	11162	6843942	0.000834074	0.000619724	0	0.00308214	613.147	1966.36	4	9422	
3	4	6	3	2	3	10716	9677873	12020	10114815	0.000878149	0.000557354	0	0.003	841.499	1874.12	4	9422	
3	4	1	4	4	3	6406	8163960	6610	8230985	0.00104237	0.000668256	0	0.00408214	1245.23	2401.49	8	9422	
3	4	1	5	2	3	5215	6550466	6785	6777160	0.000856049	0.000756925	0	0.00383214	998.845	2451.13	4	9422	
3	4	1	6	2	3	3856	8006052	4558	8093649	0.00100606	0.000839203	0	0.00383214	1775.7	2878.21	5	9422	
3	4	1	7	3	3	1303	5193806	1235	5179185	0.00199993	0.00107594	0	0.00383214	4193.67	4534.78	9	9422	
4	5	2	1	1	3	8882	9270017	9377	9358425	0.00100791	0.000652506	0	0.00383214	998.019	2318.56	9	9422	
4	5	1	2	6	3	10376	8028253	12573	8279407	0.000855725	0.000637718	0	0.00308214	658.507	2077.55	4	9422	
4	5	1	3	2	3	13535	11489135	15013	11939550	0.000887573	0.00055374	0	0.003	795.281	1893.27	4	9422	
4	5	4	4	1	3	8050	10526159	8486	10615838	0.00102342	0.000676298	0	0.00408214	1250.98	2412.85	8	9422	
4	5	1	5	2	3	7244	8126875	8948	8362390	0.000888553	0.00072539	0	0.00383214	934.554	2388.38	4	9422	
4	5	1	6	1	3	6227	11061962	7073	11177068	0.000984391	0.000757099	0	0.00383214	1580.24	2607.06	5	9422	
4	5	1	7	3	3	1817	6592226	1748	6587492	0.00183044	0.00108376	0	0.00383214	3768.59	4420.93	9	9422	
5	6	1	1	5	3	10562	11708532	11203	11822970	0.00100974	0.000658286	0	0.00383214	1055.34	2337.94	9	9422	
5	6	1	2	6	3	10986	9341258	13205	9593409	0.000882085	0.000665998	0	0.00383214	726.498	2207.54	4	9422	
5	6	6	3	2	3	16566	15502699	18161	15968579	0.000895868	0.000549055	0	0.003	879.279	1909.7	4	9422	
5	6	4	4	1	3	11549	13752365	12182	13896063	0.000999835	0.00063357	0	0.00408214	1140.7	2223.06	8	9422	
5	6	6	5	3	3	7645	9410734	9416	9658860	0.000919825	0.000761325	0	0.00383214	1025.79	2532.97	4	9422	
5	6	4	6	2	3	7416	12489957	8490	12622474	0.000985447	0.000758327	0	0.00383214	1486.75	2641.26	5	9422	
5	6	1	7	2	3	2257	8096172	2278	8100430	0.00167084	0.00114752	0	0.00383214	3555.94	4312.35	9	9422	
6	7	1	1	1	3	12556	14711764	13351	14873574	0.00100231	0.000657245	0	0.00383214	1114.04	2319.92	9	9422	
6	7	1	2	6	3	11216	10646266	13401	10887469	0.000906301	0.000699211	0	0.00408214	812.437	2355.22	4	9422	
6	7	6	3	2	3	19660	18142396	21429	18660940	0.000902917	0.000544642	0	0.003	870.826	1898.31	4	9422	
6	7	1	4	1	3	13854	15397896	14691	15564761	0.00098522	0.000624953	0	0.00408214	1059.48	2211.8	8	9422	
6	7	6	5	3	3	8304	10777310	10559	11063786	0.000906408	0.000784626	0	0.00383214	1047.81	2590.78	4	9422	
6	7	4	6	2	3	11205	17069749	12351	17225197	0.00095418	0.000677715	0	0.00383214	1394.64	2390.67	5	9422	
6	7	1	7	3	3	2504	9426268	2421	9423025	0.00174935	0.00115638	0	0.00383214	3892.2	4397.14	9	9422	
7	8	1	1	5	3	15897	17862319	16765	18036350	0.000993803	0.000629037	0	0.00383214	1075.83	2231.4	9	9422	
7	8	1	2	6	3	11438	11911610	13595	12151195	0.000928618	0.000728567	0	0.00408214	893.799	2481.01	4	9422	
7	8	6	3	2	3	22951	20764617	24829	21324597	0.000905434	0.000536057	0	0.003	858.858	1883.32	4	9422	
7	8	1	4	1	3	15467	17280586	16380	17460819	0.000987412	0.000630294	0	0.00408214	1065.98	2246.45	8	9422	
7	8	6	5	3	3	10598	12856386	13536	13298039	0.000878264	0.000755476	0	0.00383214	982.42	2463.64	4	9422	
7	8	4	6	2	3	14218	20724517	15438	20931915	0.000945856	0.000645858	0	0.00383214	1355.87	2292.53	5	9422	
7	8	1	7	3	3	2748	10701247	2564	10692415	0.0018191	0.00115975	0	0.00383214	4170.21	4433.66	9	9422	
8	9	1	1	5	3	16134	19174437	16944	19342788	0.0010141	0.000659208	0	0.00383214	1141.57	2339.88	9	9422	
8	9	1	2	6	3	11669	13209792	13777	13456684	0.000951356	0.000755226	0	0.00408214	976.75	2604.02	4	9422	
8	9	6	3	2	3	25799	23404540	27837	24027446	0.000909445	0.000535456	0	0.003	863.148	1884.32	4	9422	
8	9	4	4	1	3	16917	18743927	18189	18945638	0.000976841	0.000642864	0	0.00408214	1041.6	2262.85	8	9422	
8	9	1	5	2	3	13834	15637609	17047	16138227	0.000883833	0.000712968	0	0.00383214	946.69	2349.44	4	9422	
8	9	4	6	2	3	16444	23333402	17815	23630134	0.000951323	0.000638055	0	0.00383214	1326.42	2266.62	5	9422	
8	9	1	7	3	3	2993	11984908	2707	11965366	0.00188148	0.0011592	0	0.00383214	4420.16	4450.67	9	9422	
9	10	2	1	1	3	18711	23565453	20281	24383394	0.000980378	0.000664024	0	0.00383214	1202.28	2247.96	9	9422	
9	10	1	2	6	3	12139	14784190	14236	15045457	0.000970151	0.000772268	0	0.00408214	1056.86	2686.92	4	9422	
9	10	6	3	2	3	27824	26016589	29970	26709875	0.000917358	0.000542827	0	0.003	891.22	1913.51	4	9422	
9	10	4	4	1	3	18615	20428266	20046	20653830	0.000980949	0.000645457	0	0.00408214	1030.32	2279.07	8	9422	
9	10	1	5	2	3	14019	16948028	17193	17446825	0.000901386	0.000735588	0	0.00383214	1014.76	2456.12	4	9422	
9	10	1	6	2	3	18392	25875365	19930	26275874	0.000960244	0.000638411	0	0.00383214	1318.41	2262.35	5	9422	
9	10	1	7	3	3	3213	13267899	2873	13235955	0.00192371	0.0011623	0	0.00383214	4607.02	4456.97	9	9422	
10	11	2	1	1	3	21746	28634627	23398	29525157	0.000981211	0.000647118	0	0.00383214	1261.87	2181.97	9	9422	
10	11	1	2	6	3	12282	16087002	14379	16348269	0.000990338	0.000794379	0	0.00408214	1136.95	2791.86	4	9422	
10	11	6	3	2	3	30405	28605914	32640	29333362	0.000924677	0.000546045	0	0.003	898.694	1923.29	4	9422	
10	11	4	4	1	3	20147	22094051	21733	22349301	0.000986958	0.000649724	0	0.00408214	1028.36	2301.54	8	9422	
10	11	1	5	2	3	14178	18272721	17378	18764038	0.000916304	0.000757038	0	0.00383214	1079.76	2554.43	4	9422	
10	11	1	6	1	3	19060	27267055	21064	27698973	0.0009501	0.000660699	0	0.00383214	1314.99	2312.12	5	9422	
10	11	1	7	3	3	3391	14616986	3180	14591705	0.0018729	0.00120868	0	0.00383214	4588.59	4478.78	5	9422	
11	12	2	1	1	3	24185	31270010	25904	32191426	0.000984127	0.000640695	0	0.00383214	1242.72	2167.25	9	9422	
11	12	1	2	6	3	12425	17434348	14524	17695677	0.00100999	0.000815018	0	0.00408214	1218.37	2895.87	4	9422	
11	12	1	3	2	3	32734	31310715	35044	32048935	0.000928873	0.000548407	0	0.003	914.534	1938.92	4	9422	
11	12	1	4	4	3	20910	23474692	23985	23964909	0.000938153	0.000682931	0	0.00408214	999.162	2291.93	5	9422	
11	12	1	5	2	3	14585	20137673	17846	20648038	0.000929507	0.000772708	0	0.00383214	1157.01	2631.15	4	9422	
11	12	4	6	1	3	20960	29674990	23186	30167686	0.000948391	0.000659256	0	0.00383214	1301.12	2311.06	5	9422	
11	12	1	7	3	3	3533	15954910	3323	15939051	0.0019214	0.00120431	0	0.00383214	4796.58	4489.81	5	9422	
12	13	2	1	1	3	26976	33907085	28817	34865914	0.000985024	0.000633605	0	0.00383214	1209.91	2138.58	5	9422	
12	13	1	2	6	3	12568	18726151	14676	18987734	0.00102876	0.000834408	0	0.00408214	1293.79	2983.44	4	9422	
12	13	1	3	7	3	35115	33695599	37528	34448537	0.000935606	0.000552819	0	0.003	917.942	1946.08	4	9422	
12	13	1	4	4	3	21173	24800966	24782	25328833	0.000930875	0.000704916	0	0.00408214	1022.07	2345.02	5	9422	
12	13	1	5	2	3	14727	21411696	17989	21931483	0.000945966	0.00079129	0	0.00383214	1219.16	2712.61	4	9422	
12	13	4	6	2	3	23814	33055357	26993	33824589	0.000918984	0.00065714	0	0.00383214	1253.09	2234.56	5	9422	
12	13	1	7	3	3	3676	17302255	3466	17286396	0.0019659	0.00119856	0	0.00383214	4987.42	4491.43	5	9422	
13	14	1	1	1	3	30097	36432895	32021	37410015	0.000984604	0.000623726	0	0.00383214	1168.3	2113.36	5	9422	
13	14	6	2	1	3	12711	19995264	14828	20247764	0.00104694	0.000852465	0	0.00408214	1365.51	3060.84	4	9422	
13	14	6	3	2	3	36695	36528023	39116	37285855	0.000941882	0.000559088	0	0.00383214	953.212	1984.04	4	9422	
13	14	1	4	1	3	22832	27297618	26530	27839595	0.000935716	0.000701905	0	0.00408214	1049.36	2352.23	5	9422	
13	14	1	5	2	3	14870	22718891	18132	23238678	0.000962165	0.000808836	0	0.00383214	1281.64	2792.49	4	9422	
13	14	1	6	2	3	26860	35477640	30226	36288937	0.000918809	0.000644049	0	0.00383214	1200.59	2197.95	5	9422	
13	14	1	7	3	3	3819	18585817	3609	18569958	0.00200688	0.00119176	0	0.00383214	5145.46	4475.5	5	9422	
14	15	1	1	5	3	32679	39039529	34647	40016850	0.000985109	0.000618214	0	0.00383214	1154.99	2113.46	5	9422	
14	15	1	2	6	3	13624	21389528	16239	21675447	0.00102604	0.000856327	0	0.00408214	1334.78	3033.88	4	9422	
14	15	1	3	7	3	39357	38851066	41874	39642230	0.000943271	0.000558135	0	0.00383214	946.703	1985.71	4	9422	
14	15	1	4	4	3	24260	29392287	28118	29957483	0.000937435	0.000702598	0	0.00408214	1065.42	2365.83	5	9422	
14	15	6	5	2	3	15013	24064504	18561	24889075	0.00096304	0.000827861	0	0.00383214	1340.93	2852.05	4	9422	
14	15	4	6	2	3	28080	37078669	31538	37899994	0.000925592	0.0006498	0	0.00383214	1201.72	2228.69	5	9422	
14	15	1	7	3	3	3962	19908786	3752	19892927	0.00204473	0.0011842	0	0.00383214	5301.95	4460.76	5	9422	
15	16	1	1	5	3	32822	40386875	34893	41374223	0.000990459	0.000631639	0	0.00383214	1185.75	2172.02	5	9422	
15	16	1	2	6	3	14467	22722478	17166	23021207	0.00103167	0.000856877	0	0.00408214	1341.09	3047.44	4	9422	
15	16	6	3	2	3	42227	41557758	44888	42371013	0.000940582	0.000555827	0	0.00383214	943.927	1979.73	4	9422	
15	16	4	4	1	3	27604	32573912	31735	33217350	0.000934952	0.000684866	0	0.00408214	1046.71	2306.2	5	9422	
15	16	6	5	3	3	17258	26252216	22236	27573115	0.000907006	0.000812397	0	0.00383214	1240.02	2705.74	4	9422	
15	16	4	6	2	3	30506	39058527	34200	39918151	0.000924158	0.000644132	0	0.00383214	1167.2	2216.24	5	9422	
15	16	1	7	3	3	4105	21254724	3895	21238865	0.0020798	0.00117606	0	0.00383214	5452.85	4445.85	5	9422	
16	17	2	1	1	3	33064	41705847	35116	42700926	0.00099772	0.000644488	0	0.00383214	1216	2225.92	5	9422	
16	17	6	2	1	3	15987	24183573	19154	24506052	0.00101327	0.000845868	0	0.00408214	1279.42	2992.2	4	9422	
16	17	6	3	2	3	44223	43704632	47150	44577904	0.000939246	0.000559364	0	0.00383214	945.449	1988.63	4	9422	
16	17	1	4	4	3	30084	35472671	35061	36446626	0.000918423	0.000683004	0	0.00408214	1039.52	2263.03	5	9422	
16	17	1	5	3	3	19540	28086437	25452	29664123	0.000885789	0.00079703	0	0.00383214	1165.49	2618.79	4	9422	
16	17	1	6	1	3	31178	40441747	34903	41303484	0.000932129	0.000653041	0	0.00383214	1183.38	2258.75	5	9422	
16	17	1	7	3	3	4248	22564123	4037	22538842	0.00211217	0.00116756	0	0.00383214	5583.07	4422.5	5	9422	
17	18	1	1	5	3	33652	43382222	35708	44386607	0.00100393	0.000653417	0	0.00383214	1243.04	2264.74	5	9422	
17	18	1	2	6	3	18108	25740721	21443	26078504	0.00100868	0.000823087	0	0.00408214	1216.18	2920.9	4	9422	
17	18	6	3	7	3	46002	46751409	50672	48643888	0.000913571	0.000577945	0	0.00383214	959.976	1970.76	4	9422	
17	18	4	4	1	3	31084	37823020	36004	38795006	0.000925787	0.000688769	0	0.00408214	1077.52	2298.18	5	9422	
17	18	6	5	3	3	20809	29519030	26872	31094511	0.000893323	0.00079441	0	0.00383214	1157.13	2627.79	4	9422	
17	18	1	6	1	3	32038	42590795	35809	43458368	0.000939476	0.000661098	0	0.00383214	1213.62	2291.71	5	9422	
17	18	1	7	3	3	4391	23885822	4180	23860541	0.00214254	0.0011587	0	0.00383214	5708.26	4398.37	5	9422	
18	19	2	1	1	3	34633	45806124	37217	47213134	0.000994407	0.000663678	0	0.00383214	1268.59	2278.58	5	9422	
18	19	1	2	6	3	18345	26985482	21586	27320345	0.00102187	0.00083611	0	0.00408214	1265.65	2975.49	4	9422	
18	19	1	3	2	3	48403	49664843	54243	52030316	0.00089972	0.000585099	0	0.00383214	959.208	1956.45	4	9422	
18	19	1	4	4	3	32539	40243483	37739	41248471	0.00092537	0.000690765	0	0.00408214	1092.99	2309.88	5	9422	
18	19	6	5	3	3	23806	31381189	30146	32999091	0.000897591	0.000770318	0	0.00383214	1094.64	2558.26	4	9422	
18	19	1	6	1	3	32578	44642413	36321	45501889	0.000945652	0.00066976	0	0.00383214	1252.77	2332.11	5	9422	
18	19	1	7	3	3	4533	25223746	4323	25207887	0.0021709	0.00114965	0	0.00383214	5831.11	4375.71	5	9422	
19	20	1	1	1	3	36855	49549637	39564	50983143	0.000992382	0.000659539	0	0.00383214	1288.62	2268	5	9422	
19	20	1	2	6	3	18590	28279625	21729	28611172	0.00103489	0.000848565	0	0.00408214	1316.73	3032.39	4	9422	
19	20	6	3	2	3	51390	52366350	57535	54836317	0.000901417	0.000582246	0	0.00383214	953.095	1948.43	4	9422	
19	20	1	4	4	3	34657	42740390	39997	43768090	0.00092795	0.00068657	0	0.00408214	1094.28	2305.77	5	9422	
19	20	6	5	3	3	27260	34799626	33822	36525674	0.000899752	0.000745755	0	0.00383214	1079.94	2480.1	4	9422	
19	20	1	6	1	3	32814	45988372	36486	46840721	0.000954443	0.000681276	0	0.00383214	1283.8	2381.59	5	9422	
19	20	1	7	3	3	4676	26538985	4466	26523126	0.00219745	0.00114047	0	0.00383214	5938.9	4348.08	5	9422	
20	21	1	1	5	3	37449	50927961	40162	52361896	0.00100047	0.000668098	0	0.00383214	1303.77	2302.75	5	9422	
20	21	1	2	6	3	18831	29607471	21885	29926822	0.00104813	0.000860715	0	0.00408214	1367.46	3088.79	4	9422	
20	21	6	3	2	3	54179	55003765	60630	57601643	0.00090402	0.000580634	0	0.00383214	950.052	1939.74	4	9422	
20	21	1	4	4	3	34897	44072675	40392	45113819	0.000931811	0.000696697	0	0.00408214	1116.9	2346.56	5	9422	
20	21	6	5	3	3	30483	38132862	37435	40008035	0.000898445	0.000728159	0	0.00383214	1068.73	2415.44	4	9422	
20	21	4	6	2	3	34957	49746298	39700	50975288	0.000931423	0.000684282	0	0.00383214	1284.01	2347.7	5	9422	
20	21	1	7	3	3	4819	27855499	4609	27839640	0.00222235	0.00113123	0	0.00383214	6040.28	4320.02	5	9422	
21	22	1	1	5	3	37673	52185535	40372	53609196	0.00100878	0.000679729	0	0.00383214	1327.88	2340.3	5	9422	
21	22	6	2	1	3	19058	30950979	22104	31269480	0.00106199	0.000872779	0	0.00408214	1414.65	3140.75	4	9422	
21	22	1	3	7	3	56565	57442645	63226	60117017	0.000906422	0.000581446	0	0.00383214	950.827	1942.48	4	9422	
21	22	1	4	1	3	35800	45450495	41631	46514848	0.000930087	0.00070233	0	0.00408214	1117.31	2364.16	5	9422	
21	22	1	5	3	3	32649	40709630	39796	42616536	0.000902101	0.000721358	0	0.00383214	1070.87	2402.7	4	9422	
21	22	4	6	2	3	38738	54332759	43570	55603091	0.000931135	0.000667781	0	0.00383214	1276.18	2301.51	5	9422	
21	22	1	7	3	3	4962	29158033	4752	29142174	0.00224575	0.00112197	0	0.00383214	6132.61	4289.47	5	9422	
22	23	2	1	1	3	38933	53768366	41699	55201122	0.00101189	0.000682358	0	0.00383214	1323.8	2352.79	5	9422	
22	23	1	2	6	3	19281	32276716	22315	32604044	0.00107626	0.000884326	0	0.00408214	1461.08	3189.98	4	9422	
22	23	6	3	2	3	59830	60211814	66785	62944445	0.000906309	0.000579178	0	0.00383214	942.494	1933.08	4	9422	
22	23	4	4	1	3	39204	48281660	45278	49426049	0.000927602	0.000687551	0	0.00408214	1091.61	2318.23	5	9422	
22	23	6	5	3	3	33565	42533059	40792	44451749	0.000906644	0.000724918	0	0.00383214	1089.72	2425.8	4	9422	
22	23	4	6	1	3	41894	57501318	47254	58906596	0.000923815	0.000658976	0	0.00383214	1246.59	2266.77	5	9422	
22	23	1	7	2	3	5207	30514151	5476	30532290	0.00204166	0.00124392	0	0.00383214	5575.66	4445.68	5	9422	
23	24	2	1	1	3	41669	55916189	44939	57463148	0.00100073	0.000678153	0	0.00383214	1278.69	2325.39	5	9422	
23	24	1	2	6	3	19478	33590474	22461	33915346	0.00108861	0.000894673	0	0.00408214	1509.97	3238.85	4	9422	
23	24	6	3	2	3	60989	62445519	68166	65264167	0.000907391	0.000584139	0	0.00383214	957.43	1952.87	4	9422	
23	24	4	4	1	3	42711	51260324	49032	52473121	0.000925141	0.000674364	0	0.00408214	1070.18	2276.63	5	9422	
23	24	1	5	2	3	34180	44236009	41577	46168769	0.000909771	0.000730934	0	0.00383214	1110.44	2451.57	4	9422	
23	24	4	6	2	3	45274	60469320	51052	61992004	0.000919122	0.000649425	0	0.00383214	1214.29	2233.17	5	9422	
23	24	1	7	3	3	5523	31852664	5703	31858934	0.00204886	0.00123709	0	0.00383214	5586.35	4442.34	5	9422	
24	25	2	1	1	3	43163	58236613	46535	59792869	0.00100039	0.000679043	0	0.00383214	1284.9	2334.79	5	9422	
24	25	1	2	6	3	19621	34877655	22607	35202566	0.00110055	0.000904652	0	0.00408214	1557.15	3283.87	4	9422	
24	25	6	3	2	3	64047	65381223	71341	68233195	0.000909823	0.000581959	0	0.00383214	956.437	1949.25	4	9422	
24	25	4	4	1	3	45878	53803727	52408	55122617	0.000921754	0.000664828	0	0.00408214	1051.8	2250.99	5	9422	
24	25	6	5	3	3	35203	46404146	42874	48347241	0.00090982	0.000733847	0	0.00383214	1127.66	2464.58	4	9422	
24	25	1	6	1	3	48461	62400564	54602	63993480	0.000915682	0.000641818	0	0.00383214	1172	2212.09	5	9422	
24	25	1	7	3	3	5744	33183223	6168	33217367	0.00197404	0.00127206	0	0.00383214	5385.44	4474.79	5	9422	
25	26	1	1	5	3	43404	59542423	46705	61091388	0.00100735	0.000688422	0	0.00383214	1308.03	2370.73	5	9422	
25	26	6	2	1	3	19764	36206076	22886	36534834	0.00110588	0.000915496	0	0.00408214	1596.38	3322.75	4	9422	
25	26	1	3	2	3	67096	68016619	74552	70908781	0.000910839	0.000579322	0	0.00383214	951.132	1945.78	4	9422	
25	26	4	4	1	3	48244	55396225	54870	56725043	0.000923458	0.000660157	0	0.00408214	1033.81	2246.23	5	9422	
25	26	1	5	2	3	37471	48330434	45380	50304255	0.000910297	0.000726704	0	0.00383214	1108.51	2445.22	4	9422	
25	26	4	6	2	3	51495	65866304	58388	67741845	0.000905977	0.000638333	0	0.00383214	1160.2	2182.34	5	9422	
25	26	1	7	3	3	5886	34493826	6311	34537392	0.00199729	0.0012668	0	0.00383214	5472.57	4462.06	5	9422	
26	27	1	1	5	3	43637	60880689	46958	62432490	0.00101389	0.00069733	0	0.00383214	1329.54	2405.93	5	9422	
26	27	1	2	1	3	19907	37531694	23079	37861861	0.00111522	0.000925157	0	0.00408214	1640.53	3364.4	4	9422	
26	27	6	3	7	3	69833	70089021	77684	73024493	0.000908863	0.000578778	0	0.00383214	940.02	1943.43	4	9422	
26	27	4	4	1	3	49608	56883099	56317	58218566	0.000927801	0.000661823	0	0.00408214	1033.77	2261.49	5	9422	
26	27	6	5	3	3	40165	50525522	48658	52608074	0.000903873	0.000718794	0	0.00383214	1081.18	2413.5	4	9422	
26	27	4	6	2	3	54347	70740748	61730	73014502	0.000904569	0.00063601	0	0.00383214	1182.8	2161.47	5	9422	
26	27	1	7	3	3	6029	35841172	6457	35885053	0.00201857	0.00126181	0	0.00383214	5557.54	4451	5	9422	
27	28	1	1	5	3	43863	62208757	47151	63757933	0.00102072	0.000706328	0	0.00408214	1352.21	2440.59	5	9422	
27	28	1	2	6	3	20209	38874073	24600	39255926	0.00106935	0.000939945	0	0.00408214	1595.77	3330.02	4	9422	
27	28	6	3	2	3	72872	72235260	81513	75259020	0.000902434	0.000579256	0	0.00383214	923.276	1933.95	4	9422	
27	28	1	4	4	3	49941	58238639	56652	59574486	0.000933838	0.000669546	0	0.00408214	1051.59	2293.91	5	9422	
27	28	6	5	3	3	43690	52763649	52591	54919712	0.000901256	0.00070473	0	0.00383214	1044.28	2372.29	4	9422	
27	28	4	6	2	3	56085	73336126	63582	75723811	0.00090855	0.00063684	0	0.00383214	1190.96	2166.8	5	9422	
27	28	1	7	3	3	6172	37170480	6621	37216197	0.00203336	0.00125946	0	0.00383214	5620.93	4441.04	5	9422	
28	29	1	1	5	3	44108	63543369	47293	65073212	0.00102667	0.000713533	0	0.00408214	1375.96	2475.27	5	9422	
28	29	1	2	6	3	20445	40189595	24855	40572116	0.00107945	0.000947989	0	0.00408214	1632.35	3364.18	4	9422	
28	29	6	3	2	3	75868	74840667	85097	77944728	0.000898594	0.000579058	0	0.00383214	915.952	1932.02	4	9422	
28	29	1	4	4	3	50183	59516622	56895	60852250	0.000939074	0.000677159	0	0.00408214	1069.55	2323.57	5	9422	
28	29	6	5	3	3	45927	54283769	55373	56490864	0.000897074	0.000701571	0	0.00383214	1020.19	2357.13	4	9422	
28	29	4	6	2	3	58408	76004013	65975	78428444	0.000911801	0.000635258	0	0.00383214	1188.76	2163.93	5	9422	
28	29	1	7	3	3	6607	38558310	7086	38606216	0.00200141	0.0012568	0	0.00408214	5448.24	4474.16	5	9422	
29	30	1	1	5	3	44331	64814350	47495	66343323	0.00103355	0.000722605	0	0.00408214	1396.85	2504.87	5	9422	
29	30	1	2	6	3	20688	41514317	25002	41903217	0.00109062	0.000956352	0	0.00408214	1675.99	3404.09	4	9422	
29	30	6	3	2	3	78994	77616262	88703	80821684	0.000895823	0.000577522	0	0.00383214	911.149	1925.73	4	9422	
29	30	4	4	1	3	51183	60880297	57944	62208451	0.000942078	0.000680044	0	0.00408214	1073.6	2338.02	5	9422	
29	30	6	5	3	3	48869	56482239	58939	58926133	0.00089222	0.000694325	0	0.00383214	999.782	2329.39	4	9422	
29	30	1	6	1	3	59745	78315874	67461	80761628	0.000913529	0.000637877	0	0.00383214	1197.16	2174.53	5	9422	
29	30	1	7	3	3	6851	39882387	7255	39922500	0.00202481	0.00125337	0	0.00408214	5502.76	4465.22	5	9422	
30	31	1	1	5	3	45668	66562087	49317	68156755	0.00102642	0.000726217	0	0.00408214	1382.01	2500.35	5	9422	
30	31	1	2	6	3	20919	42857156	25182	43243847	0.0011019	0.000964351	0	0.00408214	1717.25	3441.45	4	9422	
30	31	6	3	2	3	81945	81342752	91839	84661520	0.000897654	0.000575967	0	0.00383214	921.847	1922.27	4	9422	
30	31	4	4	1	3	54940	63688917	61799	65042625	0.000939094	0.000668388	0	0.00408214	1052.49	2304.95	5	9422	
30	31	1	5	2	3	51059	58709302	61705	61226589	0.000888825	0.000692264	0	0.00383214	992.247	2317.73	4	9422	
30	31	1	6	2	3	61861	79942978	69823	82413204	0.00091394	0.000636724	0	0.00383214	1180.32	2177.61	5	9422	
30	31	1	7	3	3	7076	41187746	7517	41220940	0.00202488	0.00125313	0	0.00408214	5483.7	4468.8	5	9422	
31	32	2	1	1	3	46712	68061312	50411	69661542	0.00103006	0.000728916	0	0.00408214	1381.87	2512.89	5	9422	
31	32	1	2	6	3	21152	44134921	25410	44521152	0.00111218	0.000971701	0	0.00408214	1752.11	3470.43	4	9422	
31	32	6	3	2	3	84916	83532712	95021	86894513	0.000898288	0.000574544	0	0.00383214	914.477	1921.79	4	9422	
31	32	4	4	1	3	58297	66249769	65245	67624488	0.000938828	0.000660033	0	0.00408214	1036.47	2280.05	5	9422	
31	32	1	5	2	3	53855	60427424	64712	62955191	0.000890943	0.000686127	0	0.00383214	972.852	2302.66	4	9422	
31	32	1	6	1	3	63368	81458990	71850	83967521	0.000911476	0.000639616	0	0.00383214	1168.65	2184.68	5	9422	
31	32	1	7	3	3	7611	42580085	8303	42634859	0.00192934	0.00127549	0	0.00408214	5134.87	4523.39	5	9422	
32	33	2	1	1	3	49225	71292759	52955	72904427	0.00102763	0.000720933	0	0.00408214	1376.72	2489.78	5	9422	
32	33	1	2	6	3	21400	45452936	25597	45836013	0.00112263	0.000978861	0	0.00408214	1790.68	3503.12	4	9422	
32	33	1	3	2	3	87846	86585980	98088	90012016	0.000900549	0.000573783	0	0.00383214	917.666	1920.94	4	9422	
32	33	4	4	1	3	61611	69913019	68736	71359507	0.000938547	0.000653223	0	0.00408214	1038.17	2257.48	5	9422	
32	33	6	5	3	3	54902	61861258	65837	64395583	0.000895112	0.000688634	0	0.00383214	978.106	2315.95	4	9422	
32	33	1	6	1	3	64784	82960374	73344	85467313	0.000914415	0.000640852	0	0.00383214	1165.29	2197.22	5	9422	
32	33	1	7	3	3	7817	43885489	8503	43947011	0.00193937	0.00127487	0	0.00408214	5168.41	4520.63	5	9422	
33	34	2	1	1	3	53074	76114674	56842	77746852	0.00102129	0.0007061	0	0.00408214	1367.77	2437.7	5	9422	
33	34	1	2	1	3	22613	46882990	27240	47283656	0.00110556	0.000970772	0	0.00408214	1735.82	3460.17	4	9422	
33	34	6	3	2	3	90985	89234892	101389	92697712	0.00090161	0.000571827	0	0.00383214	914.278	1918.51	4	9422	
33	34	4	4	1	3	65418	73925815	72634	75404294	0.000937786	0.0006445	0	0.00408214	1038.14	2230.62	5	9422	
33	34	6	5	3	3	55476	63509484	66525	66099678	0.000898599	0.000693142	0	0.00383214	993.607	2337.42	4	9422	
33	34	4	6	2	3	65219	84328406	73792	86835847	0.00091861	0.000646208	0	0.00383214	1176.77	2221.58	4	9422	
33	34	1	7	3	3	8028	45214445	8718	45275714	0.00194857	0.00127311	0	0.00408214	5193.36	4520.02	5	9422	
34	35	1	1	1	3	55429	78834180	59411	80499575	0.00101724	0.000702166	0	0.00408214	1354.96	2422.72	5	9422	
34	35	1	2	6	3	22914	48212156	27505	48601328	0.00111512	0.000977002	0	0.00408214	1767	3485.73	4	9422	
34	35	6	3	2	3	92728	91884390	103278	95471692	0.000904582	0.000573846	0	0.00383214	924.415	1926.14	4	9422	
34	35	4	4	1	3	68577	76254890	75948	77744905	0.000937144	0.00063901	0	0.00408214	1023.66	2215.14	5	9422	
34	35	6	5	3	3	55880	65217057	67294	67859895	0.000897486	0.000699897	0	0.00408214	1008.41	2357.76	4	9422	
34	35	4	6	2	3	66891	86468052	76013	89160167	0.00091494	0.000648009	0	0.00383214	1172.96	2221.54	4	9422	
34	35	1	7	3	3	8543	46544349	9315	46610200	0.00190657	0.00126884	0	0.00408214	5003.78	4538.44	5	9422	
35	36	1	1	5	3	57036	80380454	61037	82038247	0.0010183	0.000701026	0	0.00408214	1344.07	2424.26	5	9422	
35	36	6	2	1	3	23160	49534215	27648	49917691	0.00112487	0.000983807	0	0.00408214	1805.47	3517.79	4	9422	
35	36	1	3	7	3	94807	94401680	105537	98074133	0.000906661	0.00057544	0	0.00383214	929.287	1929.5	4	9422	
35	36	1	4	4	3	70488	78086812	78147	79619586	0.000936041	0.000639055	0	0.00408214	1018.84	2213.42	5	9422	
35	36	6	5	3	3	56967	66695616	68574	69351182	0.000899026	0.000701918	0	0.00408214	1011.33	2368.45	4	9422	
35	36	4	6	2	3	70008	88951333	79656	91801863	0.000911992	0.000644577	0	0.00383214	1152.48	2204.83	4	9422	
35	36	1	7	3	3	8718	47893549	9475	47958734	0.00192091	0.00126664	0	0.00408214	5061.61	4537.03	5	9422	
36	37	1	1	5	3	57359	81745078	61373	83405164	0.00102273	0.000706754	0	0.00408214	1358.99	2449.17	5	9422	
36	37	1	2	6	3	23400	50868554	27791	51254029	0.00113452	0.000990402	0	0.00408214	1844.27	3550.2	4	9422	
36	37	6	3	7	3	96074	96755763	106985	100534534	0.000908924	0.000578665	0	0.00383214	939.707	1940.83	4	9422	
36	37	4	4	1	3	72291	80166532	80795	81784280	0.000928241	0.000641937	0	0.00408214	1012.24	2207.34	5	9422	
36	37	1	5	2	3	57610	68106492	69282	70765598	0.000903042	0.000706061	0	0.00408214	1021.41	2388.45	4	9422	
36	37	4	6	2	3	73162	90895221	82981	93766121	0.000912786	0.000639505	0	0.00383214	1129.97	2195.08	4	9422	
36	37	1	7	3	3	8861	49240895	9672	49310082	0.00192614	0.00126865	0	0.00408214	5098.23	4536.96	5	9422	
37	38	1	1	5	3	57687	83080559	61675	84747157	0.00102734	0.000712393	0	0.00408214	1374.09	2473.57	5	9422	
37	38	1	2	6	3	23643	52217496	27934	52594445	0.00114407	0.000996794	0	0.00408214	1882.81	3581.71	4	9422	
37	38	6	3	2	3	96692	98606252	107624	102379344	0.000911895	0.000583245	0	0.00383214	951.269	1960.88	4	9422	
37	38	4	4	1	3	75252	84739611	84477	86745308	0.000922136	0.000640054	0	0.00408214	1026.85	2187.19	5	9422	
37	38	1	5	2	3	58530	69546973	70234	72208521	0.000907553	0.000709139	0	0.00408214	1028.11	2402.48	4	9422	
37	38	4	6	2	3	75273	92910910	85371	95803844	0.000912556	0.000638741	0	0.00383214	1122.21	2195.69	4	9422	
37	38	1	7	3	3	9004	50557227	9863	50619538	0.00193203	0.00127016	0	0.00408214	5132.27	4534.57	5	9422	
38	39	1	1	5	3	57923	84433122	61853	86095057	0.00103221	0.000718525	0	0.00408214	1391.93	2500.13	5	9422	
38	39	1	2	6	3	23936	53520332	28298	53904105	0.00114741	0.00100218	0	0.00408214	1904.87	3597.92	4	9422	
38	39	6	3	2	3	99690	102314173	110829	106174806	0.000912631	0.000581795	0	0.00383214	958.006	1958.22	4	9422	
38	39	4	4	1	3	78852	87970610	88343	90074728	0.000920411	0.000634106	0	0.00408214	1019.6	2169.09	5	9422	
38	39	6	5	3	3	60822	72880720	72663	75604496	0.000909202	0.000705026	0	0.00408214	1040.48	2391.32	4	9422	
38	39	1	6	2	3	78760	95913726	89032	98855167	0.00091199	0.000632838	0	0.00383214	1110.33	2179.45	4	9422	
38	39	1	7	3	3	9147	51883363	10080	51951130	0.001933	0.00127364	0	0.00408214	5153.88	4533.83	5	9422	
39	40	2	1	1	3	59973	87017365	64245	88732141	0.00102722	0.000716942	0	0.00408214	1381.15	2489.18	5	9422	
39	40	1	2	6	3	24079	54805261	28441	55189034	0.00115672	0.0010082	0	0.00408214	1940.47	3624.44	4	9422	
39	40	1	3	2	3	102630	104096264	113962	107980868	0.000912994	0.000580035	0	0.00383214	947.516	1957.3	4	9422	
39	40	4	4	1	3	82312	90416077	92045	92577726	0.000919565	0.000628882	0	0.00408214	1005.79	2153.8	5	9422	
39	40	6	5	3	3	63910	75503559	76282	78427092	0.00090534	0.0006987	0	0.00408214	1028.12	2363.41	4	9422	
39	40	4	6	1	3	81088	98629434	92644	101920948	0.000902269	0.000634841	0	0.00383214	1100.14	2165.26	4	9422	
39	40	1	7	3	3	9706	53322413	10632	53398541	0.00190322	0.00126768	0	0.00408214	5022.44	4543.54	5	9422	
40	41	2	1	1	3	63225	89557300	67575	91289453	0.00102535	0.000708684	0	0.00408214	1350.94	2462.49	5	9422	
40	41	1	2	6	3	24222	56100416	28584	56484189	0.00116594	0.00101405	0	0.00408214	1976.08	3650.74	4	9422	
40	41	6	3	2	3	106068	106251149	117622	110159821	0.000913114	0.000577574	0	0.00383214	936.558	1951.96	4	9422	
40	41	4	4	1	3	84047	93200307	94303	95460083	0.000917386	0.000631048	0	0.00408214	1012.27	2156.49	5	9422	
40	41	1	5	3	3	65733	77972413	78881	81215808	0.000900316	0.000698949	0	0.00408214	1029.6	2353.23	4	9422	
40	41	4	6	1	3	81857	100529619	93907	103875487	0.000900412	0.000639816	0	0.00408214	1106.15	2175.38	4	9422	
40	41	1	7	3	3	9951	54611594	10775	54681999	0.00191778	0.00126548	0	0.00408214	5074.9	4537.51	5	9422	
41	42	1	1	1	3	66168	93183759	70584	94950069	0.00102469	0.000702499	0	0.00408214	1345.21	2440.06	5	9422	
41	42	6	2	6	3	24365	57447762	28947	57838021	0.00116604	0.00102093	0	0.00408214	1998.07	3668.78	4	9422	
41	42	6	3	2	3	109318	108326067	120925	112247552	0.000914443	0.000575571	0	0.00383214	928.241	1948.98	4	9422	
41	42	4	4	1	3	86764	95684313	97147	97974970	0.000917547	0.000628251	0	0.00408214	1008.52	2151.78	5	9422	
41	42	1	5	2	3	65961	79271377	79067	82512223	0.000904509	0.000704441	0	0.00408214	1043.57	2375.52	4	9422	
41	42	4	6	2	3	85387	103086271	97661	106484190	0.000900501	0.000634591	0	0.00408214	1090.35	2161.24	4	9422	
41	42	1	7	3	3	10120	55926049	10918	55994054	0.00193195	0.00126317	0	0.00408214	5128.6	4532.85	5	9422	
42	43	1	1	5	3	69141	99226349	73656	101088574	0.00102392	0.000697141	0	0.00408214	1372.44	2417.1	5	9422	
42	43	1	2	6	3	24730	58817311	29508	59236015	0.00116255	0.00102552	0	0.00408214	2007.46	3674.56	4	9422	
42	43	6	3	2	3	111772	110533564	123699	114531694	0.000914577	0.000576474	0	0.00383214	925.89	1950	4	9422	
42	43	1	4	1	3	90108	99789628	100867	102282275	0.000915701	0.000624982	0	0.00408214	1014.03	2137	5	9422	
42	43	1	5	3	3	66480	80623656	79623	83865851	0.000908015	0.000708328	0	0.00408214	1053.29	2393.87	4	9422	
42	43	1	6	2	3	86951	105253778	99432	108695503	0.000901447	0.00063548	0	0.00408214	1093.16	2166.36	4	9422	
42	43	1	7	2	3	10323	57235070	11335	57323003	0.00190136	0.00127798	0	0.00408214	5057.17	4538.62	5	9422	
43	44	2	1	1	3	70935	100961256	75575	102835411	0.00102339	0.000696096	0	0.00408214	1360.71	2418.19	5	9422	
43	44	1	2	6	3	24976	60107128	29651	60531642	0.00117141	0.00103093	0	0.00408214	2041.47	3698.75	4	9422	
43	44	6	3	2	3	114350	112470686	127125	116575998	0.000910506	0.000578222	0	0.00383214	917.019	1946.82	4	9422	
43	44	4	4	1	3	93376	103747913	104323	106308864	0.000914549	0.000621148	0	0.00408214	1019.04	2125.21	5	9422	
43	44	6	5	3	3	68968	82564398	82611	85854321	0.000905731	0.000704684	0	0.00408214	1039.26	2380.2	4	9422	
43	44	4	6	2	3	90107	108496504	102857	112005987	0.000900911	0.00063167	0	0.00408214	1088.95	2156.64	4	9422	
43	44	1	7	3	3	10843	58560853	11780	58643185	0.00188788	0.00127273	0	0.00408214	4978.2	4542.2	5	9422	
44	45	1	1	5	3	71843	102451877	76488	104335956	0.00102577	0.00069824	0	0.00408214	1364.08	2431.67	5	9422	
44	45	1	2	6	3	25212	61357205	29804	61778771	0.00118059	0.00103626	0	0.00408214	2072.83	3719.31	4	9422	
44	45	6	3	2	3	117900	115629465	130893	119781992	0.000910823	0.000576137	0	0.00383214	915.114	1940.26	4	9422	
44	45	1	4	4	3	93729	105204381	104770	107769348	0.000916401	0.000625322	0	0.00408214	1028.63	2142.65	5	9422	
44	45	1	5	2	3	71050	84588083	84894	87896869	0.000906366	0.000702209	0	0.00408214	1035.37	2375.68	4	9422	
44	45	4	6	2	3	93233	112709385	106343	116391485	0.000899923	0.000628948	0	0.00408214	1094.49	2143.81	4	9422	
44	45	2	7	2	3	11079	59890346	11965	59958638	0.00190207	0.00127156	0	0.00408214	5011.17	4540.81	5	9422	
45	46	1	1	5	3	72873	103968268	77693	105874929	0.00102585	0.000700815	0	0.00408214	1362.73	2441.08	5	9422	
45	46	1	2	6	3	25454	62700726	29947	63117122	0.00118928	0.00104136	0	0.00408214	2107.63	3744.37	4	9422	
45	46	1	3	2	3	121231	120822105	134329	125052219	0.000912422	0.000574804	0	0.00383214	930.94	1937.87	4	9422	
45	46	4	4	1	3	93895	106536882	105021	109115692	0.000918503	0.000629914	0	0.00408214	1038.99	2162.37	5	9422	
45	46	1	5	2	3	71566	86279831	85498	89582894	0.000908373	0.000705788	0	0.00408214	1047.78	2390.68	4	9422	
45	46	1	6	2	3	96823	117236708	110003	120926913	0.000901334	0.000624583	0	0.00408214	1099.31	2132.4	4	9422	
45	46	1	7	3	3	11249	61203055	12108	61268512	0.00191504	0.00126958	0	0.00408214	5060.17	4536.91	5	9422	
46	47	2	1	1	3	74007	106165148	78943	108084709	0.00102628	0.000702194	0	0.00408214	1369.15	2446.4	5	9422	
46	47	1	2	6	3	25702	64013942	30090	64426305	0.00119789	0.00104632	0	0.00408214	2141.12	3767.18	4	9422	
46	47	1	3	7	3	122467	122732326	136277	127186503	0.000910177	0.000578751	0	0.00383214	933.294	1944.11	4	9422	
46	47	4	4	1	3	95266	108163750	106883	110781955	0.000917074	0.000632622	0	0.00408214	1036.48	2167.26	5	9422	
46	47	6	5	2	3	73793	89095612	88291	92656941	0.000905208	0.000703536	0	0.00408214	1049.45	2377.17	4	9422	
46	47	1	6	1	3	98790	119360746	112572	123127368	0.000898841	0.000625955	0	0.00408214	1093.77	2132.49	4	9422	
46	47	1	7	3	3	11391	62494982	12257	62570293	0.00192676	0.00126792	0	0.00408214	5104.86	4532.52	5	9422	
47	48	1	1	5	3	77128	108982891	82223	110919997	0.00102253	0.000696121	0	0.00408214	1349.01	2428.29	5	9422	
47	48	1	2	6	3	25887	65348241	30233	65759374	0.00120641	0.00105114	0	0.00408214	2175.09	3790.55	4	9422	
47	48	6	3	2	3	124527	125036061	138508	129524636	0.000910907	0.000579033	0	0.00383214	935.142	1946.65	4	9422	
47	48	4	4	1	3	98048	109963596	109872	112605101	0.000917364	0.000630431	0	0.00408214	1024.88	2162.85	5	9422	
47	48	6	5	3	3	75672	91709174	91856	96069695	0.000892531	0.000705269	0	0.00408214	1045.87	2356.2	4	9422	
47	48	4	6	2	3	101732	121334631	115725	125137736	0.000899257	0.000623318	0	0.00408214	1081.34	2128.25	4	9422	
47	48	1	7	3	3	11534	63826517	12400	63901828	0.00193913	0.00126579	0	0.00408214	5153.37	4529.01	5	9422	
48	49	1	1	1	3	79133	110750759	84246	112690001	0.0010235	0.000694216	0	0.00408214	1337.63	2427	5	9422	
48	49	1	2	6	3	26030	66660403	30375	67062590	0.0012148	0.0010558	0	0.00408214	2207.82	3812.19	4	9422	
48	49	1	3	7	3	125295	126431231	139353	130926102	0.000912741	0.000581874	0	0.00383214	939.528	1959.74	4	9422	
48	49	4	4	1	3	101668	113262607	113671	115961396	0.00091757	0.000626203	0	0.00408214	1020.15	2147.08	5	9422	
48	49	6	5	3	3	78269	95739284	95176	100684759	0.000889557	0.000703105	0	0.00408214	1057.88	2337.87	4	9422	
48	49	1	6	1	3	103690	122878930	117830	126706821	0.000900905	0.000623201	0	0.00408214	1075.34	2131.61	4	9422	
48	49	1	7	3	3	11677	65173863	12543	65249174	0.00195123	0.00126358	0	0.00408214	5202.04	4525.87	5	9422	
49	50	1	1	5	3	80239	112242424	85424	114183148	0.00102531	0.000695671	0	0.00408214	1336.66	2433.65	5	9422	
49	50	1	2	6	3	26173	67969023	30569	68373863	0.00122112	0.00106064	0	0.00408214	2236.71	3830.91	4	9422	
49	50	6	3	2	3	125535	127734663	139533	132233486	0.000915428	0.000586574	0	0.00408214	947.686	1976.1	4	9422	
49	50	1	4	1	3	105367	117107700	117455	119831924	0.0009179	0.000621742	0	0.00408214	1020.24	2134.59	5	9422	
49	50	1	5	2	3	79104	98455037	96126	103523777	0.000891359	0.000705667	0	0.00408214	1076.96	2351.17	4	9422	
49	50	1	6	1	3	104628	124288800	118846	128121468	0.000903079	0.000625431	0	0.00408214	1078.05	2143.73	4	9422	
49	50	1	7	3	3	11820	66521209	12686	66596520	0.00196305	0.00126131	0	0.00408214	5249.61	4522.29	5	9422	
50	51	2	1	1	3	81482	114363666	86791	116315763	0.00102607	0.000697232	0	0.00408214	1340.18	2438.19	5	9422	
50	51	1	2	6	3	26315	69293428	31087	69723247	0.00121457	0.00106711	0	0.00408214	2242.84	3836.92	4	9422	
50	51	6	3	2	3	125921	129090102	139883	133587086	0.00091756	0.000589887	0	0.00408214	954.992	1992.1	4	9422	
50	51	4	4	1	3	109152	122027644	121310	124779217	0.000918365	0.000617461	0	0.00408214	1028.6	2120.35	5	9422	
50	51	6	5	3	3	81667	104224712	99399	110083155	0.000889471	0.000704108	0	0.00408214	1107.49	2337.29	4	9422	
50	51	1	6	2	3	105211	125645009	119442	129478902	0.000905827	0.000628558	0	0.00408214	1084.03	2157.63	4	9422	
50	51	1	7	3	3	11963	67868554	12829	67943865	0.00197461	0.00125898	0	0.00408214	5296.12	4518.29	5	9422	
51	52	2	1	1	3	84739	116743237	90129	118717344	0.00102466	0.000691489	0	0.00408214	1317.19	2421.04	5	9422	
51	52	1	2	6	3	26477	70591057	31419	71026621	0.00121589	0.00107204	0	0.00408214	2260.63	3848.54	4	9422	
51	52	1	3	7	3	126142	130424827	140165	134924261	0.000919405	0.000593465	0	0.00408214	962.61	2008.11	4	9422	
51	52	1	4	4	3	111847	125156613	124545	128056658	0.000916559	0.000617153	0	0.00408214	1028.2	2113.37	5	9422	
51	52	1	5	3	3	84904	110472806	102936	116658007	0.000890424	0.000699545	0	0.00408214	1133.31	2319.34	4	9422	
51	52	4	6	2	3	107877	128020022	122270	131883208	0.000906642	0.000626614	0	0.00408214	1078.62	2153.13	4	9422	
51	52	1	7	3	3	12106	69203661	12977	69269784	0.00198492	0.00125704	0	0.00408214	5337.89	4513.91	5	9422	
52	53	1	1	5	3	86589	118522845	92041	120506750	0.00102507	0.000690651	0	0.00408214	1309.27	2420.26	5	9422	
52	53	1	2	6	3	27069	71951574	32385	72408924	0.00120464	0.0010715	0	0.00408214	2235.88	3835.35	4	9422	
52	53	1	3	7	3	126429	131707399	140624	136215077	0.000920425	0.000597131	0	0.00408214	968.647	2021.62	4	9422	
52	53	4	4	1	3	115070	127114429	128300	130098181	0.000913486	0.000615334	0	0.00408214	1014.02	2104.86	5	9422	
52	53	6	5	3	3	87968	114366235	106375	120663287	0.000889339	0.000695051	0	0.00408214	1134.32	2304.92	4	9422	
52	53	1	6	2	3	110661	130142923	125313	134039100	0.000906103	0.000624666	0	0.00408214	1069.63	2148.56	4	9422	
52	53	1	7	3	3	12249	70546702	13218	70618787	0.00198118	0.00126162	0	0.00408214	5342.62	4515.48	5	9422	
53	54	1	1	1	3	87982	120232612	93464	122222399	0.00102702	0.000691584	0	0.00408214	1307.69	2424.13	5	9422	
53	54	1	2	6	3	27254	73284571	32622	73743572	0.00121046	0.00107537	0	0.00408214	2260.55	3851.8	4	9422	
53	54	1	3	2	3	127546	133226857	142295	137773336	0.000918659	0.000600279	0	0.00408214	968.223	2029.2	4	9422	
53	54	1	4	4	3	116211	128580501	129498	131569199	0.000915232	0.000617067	0	0.00408214	1015.99	2114.47	5	9422	
53	54	6	5	3	3	90029	115954659	108512	122259437	0.000891145	0.000693207	0	0.00408214	1126.69	2303.78	4	9422	
53	54	1	6	1	3	112649	133427228	127452	137348205	0.000906647	0.000624537	0	0.00408214	1077.65	2151.22	4	9422	
53	54	1	7	3	3	12391	71884626	13440	71970630	0.00198038	0.00126471	0	0.00408214	5354.96	4515.96	5	9422	
54	55	1	1	5	3	89972	124194121	95583	126298877	0.00102674	0.000690536	0	0.00408214	1321.35	2418.45	5	9422	
54	55	1	2	1	3	30277	74984822	36237	75488196	0.0011716	0.00104222	0	0.00408214	2083.18	3737.5	4	9422	
54	55	6	3	2	3	131100	134994445	146078	139553229	0.00091806	0.000597611	0	0.00408214	955.334	2023.07	4	9422	
54	55	1	4	4	3	118015	132142434	131443	135173680	0.000916442	0.000617765	0	0.00408214	1028.38	2118.66	5	9422	
54	55	6	5	3	3	93109	118381923	112210	124901994	0.000888595	0.000689189	0	0.00408214	1113.11	2288.27	4	9422	
54	55	1	6	1	3	112859	134729409	127637	138647931	0.000908866	0.000628476	0	0.00408214	1086.27	2166.54	4	9422	
54	55	1	7	3	3	12534	73231972	13610	73318993	0.00198716	0.00126419	0	0.00408214	5387.14	4513.09	5	9422	
55	56	1	1	5	3	91092	125998308	97202	128246818	0.00102351	0.000693493	0	0.00408214	1319.38	2418.89	5	9422	
55	56	1	2	6	3	30810	76353325	36839	76850189	0.00117498	0.00104164	0	0.00408214	2086.11	3741.62	4	9422	
55	56	1	3	7	3	133204	136619677	148629	141231981	0.000916847	0.000598258	0	0.00408214	950.232	2023	4	9422	
55	56	1	4	4	3	119171	133581210	132723	136626835	0.000917929	0.00061964	0	0.00408214	1029.41	2126.57	5	9422	
55	56	6	5	3	3	96690	122774643	115924	129374957	0.000889204	0.000683457	0	0.00408214	1116.03	2272.57	4	9422	
55	56	1	6	2	3	114424	136308985	129509	140278464	0.000908638	0.000629643	0	0.00408214	1083.16	2170.47	4	9422	
55	56	1	7	3	3	12722	74582119	13800	74669201	0.00199533	0.0012617	0	0.00408214	5410.81	4511.36	5	9422	
56	57	1	1	5	3	91315	127346600	97390	129582907	0.00102699	0.000698205	0	0.00408214	1330.56	2436.22	5	9422	
56	57	1	2	6	3	31028	77680251	37049	78176430	0.00118221	0.0010457	0	0.00408214	2110.08	3758.66	4	9422	
56	57	6	3	2	3	136237	139697893	151761	144344036	0.000917975	0.000597089	0	0.00408214	951.127	2020.22	4	9422	
56	57	1	4	1	3	122090	136907134	135763	139982750	0.000918434	0.000617703	0	0.00408214	1031.08	2122.7	5	9422	
56	57	6	5	3	3	97351	124318089	116744	130930239	0.000890426	0.000686012	0	0.00408214	1121.52	2283.35	4	9422	
56	57	4	6	2	3	115457	137689698	130567	141660892	0.000910844	0.000631359	0	0.00408214	1084.97	2179.44	4	9422	
56	57	1	7	3	3	13012	75947009	14059	76031275	0.00199869	0.00125873	0	0.00408214	5408.01	4513.47	5	9422	
57	58	2	1	1	3	92916	129774475	99688	132295910	0.00102099	0.000700351	0	0.00408214	1327.1	2432	5	9422	
57	58	1	2	6	3	31272	78999291	37194	79500758	0.00118926	0.00104974	0	0.00408214	2137.46	3777.63	4	9422	
57	58	1	3	7	3	138619	141782400	154251	146435609	0.000918381	0.000596431	0	0.00408214	949.333	2021.82	4	9422	
57	58	4	4	1	3	124461	138744667	138181	141817509	0.000919647	0.000616697	0	0.00408214	1026.32	2122.83	5	9422	
57	58	6	5	3	3	100635	126299437	120127	132925543	0.000891155	0.000681185	0	0.00408214	1106.54	2273.14	4	9422	
57	58	1	6	1	3	115993	139361953	131236	143370598	0.000912354	0.000634485	0	0.00408214	1092.46	2191.38	4	9422	
57	58	1	7	3	3	13256	77301688	14207	77379036	0.00200849	0.00125644	0	0.00408214	5446.54	4508.87	5	9422	
58	59	1	1	5	3	95106	131531152	101916	134068651	0.00102101	0.000698089	0	0.00408214	1315.48	2427.02	5	9422	
58	59	1	2	6	3	31536	80292029	37403	80790658	0.00119554	0.00105318	0	0.00408214	2160	3792.51	4	9422	
58	59	6	3	2	3	140480	144697008	156209	149380732	0.000918528	0.000596696	0	0.00408214	956.288	2025.69	4	9422	
58	59	4	4	1	3	127731	141222753	141635	144333001	0.000920428	0.000614522	0	0.00408214	1019.05	2116.21	5	9422	
58	59	1	5	3	3	104405	128901189	124013	135554301	0.000891907	0.000675365	0	0.00408214	1093.07	2258.08	4	9422	
58	59	4	6	1	3	116566	141053294	132299	145201721	0.000911164	0.00063813	0	0.00408214	1097.53	2199.61	4	9422	
58	59	1	7	3	3	13496	78656264	14366	78718063	0.00201811	0.00125442	0	0.00408214	5479.47	4504.92	5	9422	
59	60	2	1	1	3	96822	133210538	103688	135764611	0.00102096	0.000697102	0	0.00408214	1309.36	2427.49	5	9422	
59	60	6	2	1	3	32574	81609550	39270	82145791	0.00116925	0.00104883	0	0.00408214	2091.82	3751.34	4	9422	
59	60	6	3	2	3	143680	146819951	159819	151561095	0.000917114	0.000594966	0	0.00408214	948.33	2019.37	4	9422	
59	60	4	4	1	3	129372	143103631	143950	146344495	0.000917873	0.000616227	0	0.00408214	1016.63	2116.32	5	9422	
59	60	6	5	3	3	107979	132172224	127883	138970023	0.000891766	0.000670253	0	0.00408214	1086.7	2240.49	4	9422	
59	60	4	6	2	3	120149	144840108	136137	149110072	0.000910271	0.000634422	0	0.00408214	1095.29	2186.03	4	9422	
59	60	2	7	2	3	13656	79912560	14515	79983808	0.0020253	0.0012531	0	0.00408214	5510.42	4500.8	5	9422	
