% start	end	CellId	IMSI	RNTI	LCID	nTxPDUs	TxBytes	nRxPDUs	RxBytes	delay	stdDev	min	max	PduSize	stdDev	min	max
0	1	8	1	1	3	1472	2325208	1529	2377506	0.00104549	0.000672097	0	0.003	1554.94	2272.47	25	9422	
0	1	1	2	1	3	1654	2322443	1667	2329417	0.00105019	0.000624456	0	0.00383214	1397.37	2342.19	21	9422	
0	1	2	3	1	3	3043	2334094	3285	2407540	0.000894488	0.000489333	0	0.003	732.889	1658.34	8	9422	
0	1	2	4	2	3	1799	1344606	2394	1380452	0.000789239	0.000661787	0	0.003	576.63	2018.21	8	9422	
0	1	2	5	3	3	2736	1620119	3185	1666271	0.000845399	0.000555975	0	0.003	523.162	1739.48	6	9422	
0	1	1	6	7	3	449	1227788	382	1220823	0.00164756	0.00104494	0.000742855	0.00383214	3195.87	4293.39	105	9422	
0	1	1	7	1	3	218	1137083	155	1130468	0.00301055	0.000460707	0	0.00383214	7293.34	3598.67	105	9422	
1	2	1	1	3	3	2498	4422058	2616	4503030	0.00109327	0.000730087	0	0.003	1721.34	2555.01	20	9422	
1	2	3	2	1	3	4292	4732601	4438	4754237	0.000993555	0.000585408	0	0.00383214	1071.26	2117.03	5	9422	
1	2	2	3	1	3	6569	4546307	7006	4652888	0.000900943	0.000485256	0	0.003	664.129	1706.58	8	9422	
1	2	1	4	2	3	2029	2655218	2592	2690282	0.000909889	0.000820506	0	0.003	1037.92	2763.76	8	9422	
1	2	2	5	3	3	5065	3658606	6489	3939202	0.000786477	0.00060248	0	0.003	607.058	1789.87	6	9422	
1	2	1	6	7	3	963	2987441	850	2972824	0.00161739	0.00103827	0	0.00383214	3497.44	3984.68	23	9422	
1	2	1	7	1	3	463	2495139	298	2477814	0.00300549	0.000331789	0	0.00383214	8314.81	2801.75	105	9422	
2	3	8	1	1	3	4731	7425746	5281	7698069	0.000973929	0.000698686	0	0.003	1457.69	2320.76	15	9422	
2	3	3	2	1	3	6678	7510351	7437	7912199	0.000925288	0.000617146	0	0.00383214	1063.9	2011.37	5	9422	
2	3	2	3	1	3	8825	6595446	9481	6743469	0.000907058	0.000514764	0	0.003	711.261	1834.95	8	9422	
2	3	1	4	2	3	2273	3925677	2735	3956825	0.00101917	0.000924427	0	0.003	1446.74	3217.46	8	9422	
2	3	2	5	3	3	7974	6204806	9782	6563691	0.000825867	0.000594463	0	0.003	670.997	1815.86	6	9422	
2	3	1	6	7	3	1199	4327415	1091	4313561	0.00171231	0.00110583	0	0.00383214	3953.77	4203.73	23	9422	
2	3	1	7	1	3	708	3849656	441	3821621	0.00300371	0.000272605	0	0.00383214	8665.81	2358.81	105	9422	
3	4	8	1	1	3	6755	10146268	7775	10536970	0.000929253	0.000690048	0	0.003	1355.24	2249.91	5	9422	
3	4	1	2	4	3	9008	9415565	9837	9835955	0.000942577	0.000608876	0	0.00383214	999.894	2048.18	5	9422	
3	4	2	3	1	3	10985	8416998	11760	8590505	0.000916594	0.000529283	0	0.003	730.485	1901.14	8	9422	
3	4	1	4	2	3	3367	5542587	4205	5591675	0.000956514	0.000888437	0	0.003	1329.77	3020.02	4	9422	
3	4	2	5	3	3	10424	8422266	13400	9023546	0.00078712	0.000607647	0	0.003	673.399	1807.35	6	9422	
3	4	1	6	7	3	1342	5666701	1256	5654854	0.00182892	0.00113526	0	0.00383214	4502.27	4319.57	23	9422	
3	4	1	7	1	3	956	5208027	584	5168967	0.0030028	0.000236829	0	0.00383214	8850.97	2074.89	105	9422	
4	5	8	1	1	3	9293	12839253	10389	13275688	0.000938952	0.000657815	0	0.003	1277.86	2180.01	5	9422	
4	5	3	2	1	3	10333	11011632	11148	11430692	0.000963453	0.000626993	0	0.00383214	1025.36	2147.22	5	9422	
4	5	1	3	5	3	13461	10026641	14716	10247941	0.000905166	0.000543531	0	0.003	696.381	1905.17	4	9422	
4	5	1	4	2	3	3521	6823444	4474	6878499	0.000998626	0.000948937	0	0.00383214	1537.44	3236.96	4	9422	
4	5	1	5	6	3	13465	10755329	16959	11458969	0.000800183	0.000597429	0	0.003	675.687	1808.34	6	9422	
4	5	1	6	7	3	1485	7014047	1608	7045079	0.00169535	0.00124327	0	0.00383214	4381.27	4371.98	18	9422	
4	5	1	7	1	3	1195	6501555	754	6446261	0.00298379	0.000352331	0	0.00383214	8549.42	2506.11	105	9422	
5	6	8	1	1	3	11280	15455442	12459	15943370	0.000952591	0.000653712	0	0.003	1279.67	2188.88	5	9422	
5	6	1	2	4	3	10765	12386213	11528	12799817	0.000990365	0.000662661	0	0.00383214	1110.32	2302.69	5	9422	
5	6	2	3	5	3	15480	11554307	16962	11794157	0.000909914	0.000555452	0	0.003	695.328	1939.34	4	9422	
5	6	1	4	2	3	4039	8218866	4989	8284922	0.00104312	0.000966579	0	0.00383214	1660.64	3336.89	4	9422	
5	6	1	5	3	3	15744	12769129	19720	13516695	0.000806063	0.000602628	0	0.003	685.431	1843.35	5	9422	
5	6	6	6	7	3	2015	8366570	2434	8420212	0.00144538	0.00123235	0	0.00383214	3459.41	4250.57	16	9422	
5	6	1	7	1	3	1384	7853731	1197	7825107	0.00223791	0.0013246	0	0.00383214	6537.27	4228.45	105	9422	
6	7	8	1	1	3	13463	18094579	14726	18623065	0.00096412	0.000648488	0	0.003	1264.64	2172.4	5	9422	
6	7	1	2	4	3	11116	13717720	11958	14139455	0.00100576	0.000691875	0	0.00383214	1182.43	2430.51	5	9422	
6	7	1	3	5	3	17500	13305687	19296	13584667	0.000911153	0.000567603	0	0.003	704.015	1972.85	4	9422	
6	7	1	4	2	3	4286	9520694	5132	9580383	0.00109764	0.00100598	0	0.00383214	1866.79	3512.43	4	9422	
6	7	1	5	6	3	17228	14348295	21324	15101012	0.000823152	0.000615235	0	0.00383214	708.17	1915.06	5	9422	
6	7	1	6	7	3	2256	9668885	2624	9720526	0.00154295	0.00125492	0	0.00383214	3704.47	4320.34	16	9422	
6	7	1	7	1	3	1526	9181902	1340	9162700	0.00231923	0.00127381	0	0.00383214	6837.84	4092.32	105	9422	
7	8	8	1	1	3	15337	20144399	16633	20678879	0.000971308	0.000645052	0	0.003	1243.24	2194.79	5	9422	
7	8	1	2	4	3	12058	16829039	12962	17248932	0.00101448	0.000703762	0	0.00383214	1330.73	2500.55	5	9422	
7	8	2	3	1	3	18494	14740340	20361	15018187	0.000923197	0.000585436	0	0.003	737.596	2049.25	4	9422	
7	8	1	4	2	3	4445	10844405	5282	10903315	0.00115173	0.00104101	0	0.00383214	2064.24	3666.4	4	9422	
7	8	2	5	3	3	18585	16022271	22858	16799432	0.000834398	0.000625751	0	0.00383214	734.948	1976.6	5	9422	
7	8	1	6	7	3	2667	11027339	3047	11087269	0.00156182	0.00123675	0	0.00383214	3638.75	4328.17	16	9422	
7	8	1	7	1	3	1691	10514917	1483	10493487	0.00238488	0.00122737	0	0.00383214	7075.85	3960.07	105	9422	
8	9	1	1	1	3	17115	23358741	18530	24022948	0.000980103	0.000645361	0	0.003	1296.44	2203.49	5	9422	
8	9	1	2	4	3	12229	18164105	13254	18587886	0.0010267	0.000733347	0	0.00383214	1402.44	2609.99	5	9422	
8	9	2	3	1	3	21805	17379967	24095	17722848	0.000914175	0.000578287	0	0.003	735.54	2004.12	4	9422	
8	9	1	4	2	3	4588	12159099	5478	12220032	0.00118884	0.00107031	0	0.00383214	2230.75	3783.84	4	9422	
8	9	1	5	6	3	20530	17865217	24959	18670734	0.000844779	0.000625399	0	0.00383214	748.056	2000.8	5	9422	
8	9	6	6	1	3	3706	12656223	4350	12743095	0.00138418	0.00116964	0	0.00408214	2929.45	4072.42	9	9422	
8	9	1	7	1	3	1936	11856206	1626	11824066	0.00243898	0.00118501	0	0.00383214	7271.87	3837.04	105	9422	
9	10	8	1	1	3	18739	26003231	20254	26763095	0.000988719	0.000648085	0	0.003	1321.37	2213.85	5	9422	
9	10	1	2	4	3	12432	19472815	13436	19894067	0.00104472	0.000758086	0	0.00383214	1480.65	2712.72	5	9422	
9	10	2	3	1	3	25329	21305318	27802	21729326	0.000918171	0.000570128	0	0.003	781.574	1970.11	4	9422	
9	10	1	4	2	3	4731	13506445	5727	13571567	0.00121206	0.00109695	0	0.00383214	2369.75	3880.19	4	9422	
9	10	1	5	6	3	21329	19185402	25884	19998694	0.000855749	0.000638653	0	0.00383214	772.628	2059.97	4	9422	
9	10	1	6	7	3	3975	14016023	4530	14091684	0.00143409	0.00118363	0	0.00408214	3110.75	4147.29	9	9422	
9	10	1	7	1	3	2163	13170727	1769	13129767	0.00248433	0.00114633	0	0.00383214	7422.14	3720.47	105	9422	
10	11	8	1	3	3	19898	28627163	21590	29612636	0.00100253	0.000656948	0	0.003	1371.59	2235.87	5	9422	
10	11	3	2	4	3	12634	20814848	13618	21243232	0.00106316	0.000781602	0	0.00383214	1559.94	2814.17	5	9422	
10	11	2	3	1	3	28227	24374814	31448	25247483	0.000904438	0.000575581	0	0.003	802.833	1941.77	4	9422	
10	11	2	4	2	3	5047	14931922	6686	15030733	0.00112215	0.00111223	0	0.00383214	2248.09	3811.55	4	9422	
10	11	1	5	6	3	21885	20820447	26617	21675977	0.000864229	0.000653862	0	0.00383214	814.366	2124.1	4	9422	
10	11	1	6	7	3	4216	15365697	4768	15441717	0.00147183	0.00119602	0	0.00408214	3238.62	4203.86	5	9422	
10	11	1	7	1	3	2306	14473736	1912	14432776	0.00252289	0.00111092	0	0.00383214	7548.52	3615.5	105	9422	
11	12	8	1	1	3	21365	31237273	23159	32332522	0.00100807	0.000659996	0	0.003	1396.11	2250.72	5	9422	
11	12	3	2	1	3	13141	22927209	14198	23358753	0.00107073	0.000794925	0	0.00383214	1645.21	2867.37	5	9422	
11	12	2	3	1	3	31862	27825921	35173	28722792	0.000909457	0.0005669	0	0.003	816.615	1918.36	4	9422	
11	12	1	4	2	3	5317	16292112	6858	16386464	0.00116059	0.00113085	0	0.00383214	2389.39	3901.69	4	9422	
11	12	1	5	6	3	22063	22145402	26885	23005498	0.000873053	0.00067179	0	0.00383214	855.7	2201.95	4	9422	
11	12	1	6	7	3	4681	16785683	5556	16899906	0.00139335	0.00119615	0	0.00408214	3041.74	4147.78	5	9422	
11	12	1	7	1	3	2449	15782847	2054	15732465	0.00255588	0.00107863	0	0.00383214	7659.43	3519.5	105	9422	
12	13	8	1	1	3	23736	33871484	25584	34990227	0.00100818	0.000652973	0	0.003	1367.66	2235	5	9422	
12	13	3	2	1	3	13320	24230776	14414	24666186	0.00108551	0.000816548	0	0.00383214	1711.27	2943.41	5	9422	
12	13	2	3	5	3	34258	31784961	38708	33335284	0.000892205	0.000578306	0	0.003	861.199	1902.69	4	9422	
12	13	1	4	2	3	5821	17712549	7344	17819914	0.00118171	0.00112785	0	0.00383214	2426.46	3917.39	4	9422	
12	13	1	5	3	3	23527	23689466	28755	24581223	0.000871574	0.000675429	0	0.00383214	854.85	2218.18	4	9422	
12	13	1	6	7	3	4930	18143773	5824	18250741	0.00142658	0.00120604	0	0.00408214	3133.71	4193.26	5	9422	
12	13	1	7	1	3	2592	17055835	2197	17005453	0.00258479	0.00104866	0	0.00383214	7740.31	3428.47	105	9422	
13	14	8	1	1	3	25192	36493226	27167	37751660	0.00101416	0.000656737	0	0.003	1389.61	2246.67	5	9422	
13	14	3	2	1	3	14700	27998074	16050	28558132	0.0010701	0.000815067	0	0.00408214	1779.32	2898.43	5	9422	
13	14	1	3	5	3	36897	34415463	42014	36176826	0.000882534	0.000580403	0	0.003	861.066	1895.24	4	9422	
13	14	1	4	2	3	6615	19087522	9021	19258493	0.00107557	0.00110502	0	0.00383214	2134.85	3749.88	4	9422	
13	14	1	5	6	3	25677	25244153	31023	26135028	0.000877997	0.00066939	0	0.00383214	842.44	2217.93	4	9422	
13	14	1	6	7	3	5170	19501139	5976	19599031	0.00146509	0.00121625	0	0.00408214	3279.62	4251.47	5	9422	
13	14	1	7	1	3	2734	18327708	2349	18287693	0.00260016	0.00103168	0	0.00383214	7785.31	3372.08	105	9422	
14	15	1	1	1	3	26335	39116034	28493	40617619	0.00102263	0.00066263	0	0.003	1425.53	2264.04	5	9422	
14	15	1	2	1	3	18255	31597221	19687	32182975	0.00104546	0.000765322	0	0.00408214	1634.73	2728.99	5	9422	
14	15	2	3	1	3	40202	36897884	45705	38708737	0.000883497	0.000578399	0	0.003	846.926	1881.09	4	9422	
14	15	1	4	2	3	7357	20445563	9828	20620399	0.00109	0.00108972	0	0.00383214	2098.13	3731.77	4	9422	
14	15	2	5	3	3	25917	26595795	31169	27482524	0.000887886	0.000683221	0	0.00383214	881.726	2287.44	4	9422	
14	15	6	6	7	3	5735	21615911	6629	21727714	0.00143798	0.00120866	0	0.00408214	3277.68	4174.69	5	9422	
14	15	1	7	1	3	2877	19626766	2492	19586751	0.0026231	0.00100594	0	0.00383214	7859.85	3297.27	105	9422	
15	16	1	1	1	3	27481	41762541	29732	43392131	0.00102679	0.00066629	0	0.003	1459.44	2283.15	5	9422	
15	16	3	2	1	3	20910	34958859	23269	35965947	0.000999082	0.000753435	0	0.00408214	1545.66	2606.45	5	9422	
15	16	2	3	1	3	42240	38659278	48277	40534224	0.00088117	0.000583654	0	0.003	839.618	1889.02	4	9422	
15	16	1	4	2	3	7600	21738743	10027	21911317	0.00112042	0.00110494	0	0.00383214	2185.23	3789.41	4	9422	
15	16	2	5	3	3	27088	28015636	32565	28924498	0.000891344	0.000687824	0	0.00383214	888.208	2311.39	4	9422	
15	16	6	6	1	3	6960	23244619	7995	23392404	0.00136437	0.00115598	0	0.00408214	2925.88	4042.53	5	9422	
15	16	1	7	1	3	3020	20956444	2656	20918634	0.00262266	0.00100573	0	0.00383214	7875.99	3286.36	105	9422	
16	17	8	1	1	3	28895	44362879	31194	46034023	0.00102684	0.000667409	0	0.003	1475.73	2296.13	5	9422	
16	17	3	2	1	3	23959	38789232	26974	40082563	0.000970201	0.000733696	0	0.00408214	1485.97	2507.31	5	9422	
16	17	1	3	5	3	43829	40994707	50258	43059634	0.000881515	0.000590518	0	0.00308214	856.772	1908.88	4	9422	
16	17	1	4	2	3	7843	23043250	10170	23209939	0.00114685	0.00111924	0	0.00383214	2282.2	3851.26	4	9422	
16	17	2	5	3	3	28425	30935465	33925	31847430	0.000899199	0.000689579	0	0.00383214	938.76	2339.05	4	9422	
16	17	1	6	7	3	8307	24828363	9755	25030088	0.00127237	0.00111246	0	0.00408214	2565.87	3885.03	5	9422	
16	17	1	7	1	3	3163	22248484	2799	22210674	0.00264193	0.000983206	0	0.00383214	7935.22	3217.78	105	9422	
17	18	8	1	1	3	30787	47024852	33165	48759134	0.00102615	0.000665177	0	0.003	1470.2	2294.26	5	9422	
17	18	3	2	1	3	26686	41955140	30439	43618775	0.000947668	0.000722521	0	0.00408214	1432.99	2436.55	5	9422	
17	18	1	3	5	3	45071	42491614	51645	44568116	0.000885289	0.000595344	0	0.00308214	862.971	1939.48	4	9422	
17	18	1	4	2	3	8355	24532270	10634	24686512	0.00116025	0.0011179	0	0.00383214	2321.47	3865.88	4	9422	
17	18	2	5	3	3	31583	33173048	37333	34127437	0.000902275	0.000677405	0	0.00383214	914.136	2297.1	4	9422	
17	18	1	6	7	3	8802	26282821	10216	26475242	0.00129454	0.00111509	0	0.00408214	2591.55	3886.85	5	9422	
17	18	1	7	1	3	3401	23569744	3178	23546411	0.00248659	0.0011141	0	0.00383214	7409.19	3662.34	23	9422	
18	19	8	1	1	3	32981	49613318	35433	51396347	0.001025	0.000661293	0	0.003	1450.52	2288.01	5	9422	
18	19	1	2	4	3	28483	44939756	33001	46882720	0.000932101	0.000723363	0	0.00408214	1420.65	2415.33	5	9422	
18	19	1	3	5	3	46795	43999420	53478	46083964	0.00088889	0.000597222	0	0.00308214	861.737	1961.38	4	9422	
18	19	1	4	2	3	8498	25843897	10819	25999657	0.00118006	0.00113044	0	0.00383214	2403.15	3915.82	4	9422	
18	19	2	5	3	3	35175	35453584	41091	36433233	0.00090437	0.0006624	0	0.00383214	886.648	2254.94	4	9422	
18	19	1	6	7	3	9028	27591551	10376	27777042	0.00131721	0.00112588	0	0.00408214	2677.05	3933.1	5	9422	
18	19	1	7	1	3	3544	24879770	3576	24873611	0.00232897	0.0012375	0	0.00383214	6955.71	3959.84	12	9422	
19	20	8	1	1	3	34730	52280073	37289	54173762	0.00102713	0.000660503	0	0.003	1452.81	2287.96	5	9422	
19	20	3	2	1	3	31005	47390695	35700	49355699	0.00093161	0.000712822	0	0.00408214	1382.51	2394.48	5	9422	
19	20	2	3	1	3	50172	46300318	57069	48420970	0.000889785	0.000591174	0	0.00308214	848.464	1952.24	4	9422	
19	20	1	4	2	3	8640	27123508	11031	27290365	0.00119627	0.00114225	0	0.00383214	2473.97	3955.39	4	9422	
19	20	1	5	3	3	38711	37954933	44904	38994072	0.000903203	0.000649049	0	0.00383214	868.387	2211.99	4	9422	
19	20	1	6	7	3	10246	29191035	12039	29442110	0.00125369	0.00109973	0	0.00408214	2445.56	3818.73	5	9422	
19	20	1	7	1	3	3687	26218773	3739	26214600	0.00234218	0.00122911	0	0.00383214	7011.13	3933.33	12	9422	
20	21	8	1	1	3	36312	54909142	39022	56955420	0.00102885	0.000661238	0	0.003	1459.57	2289.12	5	9422	
20	21	1	2	4	3	34017	49809478	38853	51800405	0.000930165	0.000698336	0	0.00408214	1333.24	2362.85	5	9422	
20	21	1	3	1	3	52806	48267120	60479	50550089	0.000884749	0.000592321	0	0.00308214	835.829	1946.44	4	9422	
20	21	1	4	2	3	8783	28470854	12389	28711834	0.00109977	0.00115339	0	0.00383214	2317.53	3877.36	4	9422	
20	21	2	5	3	3	41502	39862292	48282	40973727	0.000897953	0.000644873	0	0.00383214	848.634	2186.79	4	9422	
20	21	6	6	1	3	10678	30875580	12400	31117247	0.00126881	0.00110302	0	0.00408214	2509.46	3835.87	5	9422	
20	21	5	7	1	3	3985	27671511	4108	27689365	0.00226776	0.00125092	0	0.00383214	6740.35	4050.33	12	9422	
21	22	8	1	1	3	37934	57540921	41043	59753495	0.00102066	0.000664688	0	0.003	1455.88	2283.37	5	9422	
21	22	1	2	4	3	34776	51197822	39619	53189939	0.000938404	0.000706663	0	0.00408214	1342.54	2389.95	5	9422	
21	22	2	3	1	3	54563	50174922	63971	52816037	0.000866754	0.00060213	0	0.00308214	825.625	1937.84	4	9422	
21	22	1	4	2	3	8926	29788395	12982	30090913	0.00108258	0.0011623	0	0.00383214	2317.9	3878.32	4	9422	
21	22	1	5	6	3	44348	41907449	51745	43119407	0.000893547	0.000640324	0	0.00383214	833.306	2162.41	4	9422	
21	22	1	6	7	3	11000	32353192	12644	32595267	0.00128596	0.00110923	0	0.00408214	2577.92	3868.42	5	9422	
21	22	1	7	1	3	4153	28979042	4361	29006329	0.0022382	0.00126988	0	0.00383214	6651.3	4094.66	12	9422	
22	23	1	1	1	3	40052	60172433	43196	62400814	0.00101949	0.000661036	0	0.003	1444.6	2279.48	5	9422	
22	23	1	2	4	3	35672	53283071	40483	55260415	0.000944396	0.000711044	0	0.00408214	1365.03	2413.16	5	9422	
22	23	2	3	1	3	55869	52434842	67423	55958336	0.000844855	0.000614586	0	0.00308214	829.959	1929.28	4	9422	
22	23	1	4	2	3	9069	31066368	13165	31369959	0.00110012	0.00117275	0	0.00383214	2382.83	3915.55	4	9422	
22	23	2	5	3	3	47383	44506390	54928	45759590	0.000895031	0.000633213	0	0.00383214	833.083	2144.39	4	9422	
22	23	6	6	7	3	11225	33696991	13499	34351153	0.00124328	0.00112358	0	0.00408214	2544.72	3836.93	5	9422	
22	23	1	7	1	3	4400	30337088	4526	30355637	0.00225738	0.00125719	0	0.00383214	6706.95	4074.77	12	9422	
23	24	8	1	1	3	41932	62804411	45140	65085611	0.00102101	0.000660105	0	0.00383214	1441.86	2273.69	5	9422	
23	24	1	2	4	3	35875	54593352	40669	56568887	0.000950719	0.000720566	0	0.00408214	1390.96	2451.89	5	9422	
23	24	2	3	1	3	57194	54470735	69530	58272899	0.000841996	0.000619717	0	0.00308214	838.097	1940.95	4	9422	
23	24	1	4	2	3	9212	32360462	13317	32664326	0.00111978	0.00118273	0	0.00383214	2452.83	3955.62	4	9422	
23	24	2	5	3	3	50853	48550104	58566	49878133	0.00089743	0.000625601	0	0.00383214	851.657	2117.1	4	9422	
23	24	1	6	7	3	11371	35019942	14757	35860932	0.0011666	0.00113814	0	0.00408214	2430.1	3784.31	5	9422	
23	24	1	7	1	3	4648	31630598	4669	31638122	0.00228013	0.00124438	0	0.00383214	6776.21	4035.25	12	9422	
24	25	1	1	3	3	43175	65424341	46515	67879129	0.00102522	0.000663254	0	0.00383214	1459.3	2282.32	5	9422	
24	25	3	2	1	3	36715	56072239	41761	58089809	0.000950942	0.000725621	0	0.00408214	1391.01	2469.37	5	9422	
24	25	1	3	5	3	57585	55885107	70368	59879124	0.000841641	0.000627477	0	0.00308214	850.943	1966.02	4	9422	
24	25	1	4	2	3	9355	33609567	13459	33904929	0.00113962	0.00119205	0	0.00383214	2519.13	3988.99	4	9422	
24	25	2	5	3	3	53742	50800111	61623	52184520	0.000898402	0.000621169	0	0.00383214	846.835	2103.37	4	9422	
24	25	1	6	7	3	11514	36358954	15055	37218130	0.001172	0.00114702	0	0.00408214	2472.14	3814.23	5	9422	
24	25	1	7	1	3	4893	32956522	4812	32953336	0.00230152	0.00123183	0	0.00383214	6848.16	3998.24	12	9422	
25	26	8	1	1	3	44496	68020849	47952	70615989	0.0010291	0.00066539	0	0.00383214	1472.64	2291.4	5	9422	
25	26	3	2	4	3	39001	58314117	45405	60617826	0.000924624	0.000724524	0	0.00408214	1335.05	2423.98	5	9422	
25	26	2	3	1	3	59127	58155446	72135	62192748	0.00084554	0.000630687	0	0.00308214	862.172	1978.81	4	9422	
25	26	1	4	2	3	9498	34910557	13602	35204999	0.00115917	0.00120086	0	0.00383214	2588.22	4025.58	4	9422	
25	26	2	5	6	3	54183	52108498	62082	53494755	0.00090424	0.000629057	0	0.00383214	861.679	2132.31	4	9422	
25	26	1	6	7	3	11657	37685858	15228	38548184	0.00118686	0.00115523	0	0.00408214	2531.4	3850.89	5	9422	
25	26	1	7	1	3	5150	34280391	4998	34260515	0.00231406	0.0012214	0	0.00383214	6854.84	3994.37	12	9422	
26	27	8	1	1	3	45744	70654653	49302	73382910	0.00103218	0.000667658	0	0.00383214	1488.44	2300.5	5	9422	
26	27	1	2	4	3	40443	59937987	47014	62275999	0.000925846	0.000725215	0	0.00408214	1324.63	2428.06	5	9422	
26	27	2	3	1	3	61044	61046445	75172	65447629	0.00084052	0.000635904	0	0.00308214	870.638	1976.77	4	9422	
26	27	2	4	2	3	9640	36208815	13812	36515034	0.00117261	0.00120895	0	0.00383214	2643.72	4054.49	4	9422	
26	27	1	5	3	3	54411	53458470	62304	54844419	0.000909945	0.000636854	0	0.00383214	880.271	2167.69	4	9422	
26	27	1	6	7	3	11800	38976131	15396	39831765	0.00120158	0.00116296	0	0.00408214	2587.15	3882.3	5	9422	
26	27	1	7	1	3	5373	35623235	5141	35597821	0.00233314	0.00120957	0	0.00383214	6924.3	3960.4	12	9422	
27	28	8	1	1	3	47219	73277577	50872	76104340	0.00103368	0.000668598	0	0.00383214	1496	2305.07	5	9422	
27	28	3	2	1	3	41640	61483211	48397	63843361	0.000928613	0.000728886	0	0.00408214	1319.16	2437.02	5	9422	
27	28	1	3	5	3	61496	62541043	76922	67365280	0.000831315	0.000645411	0	0.00383214	875.761	1990.35	4	9422	
27	28	1	4	2	3	9883	37509719	14594	37846856	0.00114523	0.00121094	0	0.00383214	2593.32	4032.55	4	9422	
27	28	2	5	6	3	55073	55192336	63196	56635917	0.000910887	0.000642676	0	0.00383214	896.195	2187.53	4	9422	
27	28	1	6	7	3	11943	40302360	15548	41158939	0.00121742	0.0011703	0	0.00408214	2647.22	3916.63	5	9422	
27	28	1	7	1	3	5515	36928327	5284	36909473	0.00235118	0.00119798	0	0.00383214	6985.14	3925.55	12	9422	
28	29	8	1	1	3	49674	75903090	53418	78753673	0.00103117	0.00066442	0	0.00383214	1474.29	2296.58	5	9422	
28	29	1	2	1	3	43857	63488663	51484	66060582	0.000917013	0.000726464	0	0.00408214	1283.13	2410.63	5	9422	
28	29	1	3	5	3	62951	64805784	79695	70146485	0.000824906	0.0006512	0	0.00383214	880.187	1990.75	4	9422	
28	29	1	4	2	3	10057	38814409	14791	39152200	0.00116192	0.00121848	0	0.00408214	2647.03	4060.06	4	9422	
28	29	1	5	6	3	55974	56614292	64136	58060234	0.000914533	0.000646343	0	0.00383214	905.267	2207.8	4	9422	
28	29	1	6	7	3	12085	41619447	15709	42487338	0.00123225	0.00117727	0	0.00408214	2704.65	3948.35	5	9422	
28	29	1	7	1	3	5658	38254006	5427	38235152	0.00236828	0.00118665	0	0.00383214	7045.36	3891.91	12	9422	
29	30	1	1	1	3	51352	78548880	55435	81615107	0.00102842	0.000666806	0	0.00383214	1472.27	2294.93	5	9422	
29	30	1	2	4	3	44657	64958166	52340	67528190	0.000922044	0.000730342	0	0.00408214	1290.18	2429.53	5	9422	
29	30	2	3	5	3	63651	66268903	81870	71875669	0.000815082	0.000658759	0	0.00383214	877.924	1995.87	4	9422	
29	30	1	4	2	3	10566	40172168	15347	40512039	0.00116933	0.00121293	0	0.00408214	2639.74	4058.8	4	9422	
29	30	1	5	6	3	56402	57971203	64571	59426699	0.000919223	0.000652389	0	0.00383214	920.331	2237.22	4	9422	
29	30	1	6	7	3	12228	42925006	15858	43793527	0.00124773	0.00118383	0	0.00408214	2761.6	3977.55	5	9422	
29	30	1	7	1	3	5801	39545418	5592	39528746	0.00237512	0.00118271	0	0.00383214	7068.8	3875.03	12	9422	
30	31	8	1	1	3	52877	81198825	57108	84407544	0.00103083	0.000667483	0	0.00383214	1478.03	2298.51	5	9422	
30	31	1	2	4	3	44887	66308685	52500	68870108	0.000927891	0.000737815	0	0.00408214	1311.81	2462.3	5	9422	
30	31	2	3	1	3	65191	68836786	84154	74728069	0.000813955	0.00066093	0	0.00383214	887.992	2001.37	4	9422	
30	31	1	4	2	3	12329	41708188	17249	42059652	0.00115385	0.00116483	0	0.00408214	2438.38	3953.49	4	9422	
30	31	1	5	6	3	56845	59257043	65058	60713751	0.000923334	0.000658687	0	0.00383214	933.225	2261.3	4	9422	
30	31	1	6	7	3	12371	44251136	16009	45120497	0.00126276	0.00119005	0	0.00408214	2818.45	4006.94	5	9422	
30	31	5	7	1	3	6195	40883266	6494	40918388	0.00214654	0.0012992	0	0.00383214	6300.95	4249.78	10	9422	
31	32	1	1	3	3	54338	83799611	58673	87135985	0.00103234	0.000668035	0	0.00383214	1485.11	2300.45	5	9422	
31	32	3	2	1	3	45125	67617790	52701	70184785	0.000933955	0.00074581	0	0.00408214	1331.75	2491.97	5	9422	
31	32	2	3	1	3	66527	71184735	86664	77559677	0.000808412	0.000665137	0	0.00383214	894.947	2003.2	4	9422	
31	32	1	4	2	3	13522	43144215	18546	43493670	0.00114739	0.00114112	0	0.00408214	2345.18	3903.4	4	9422	
31	32	1	5	6	3	57072	60523963	65279	61979713	0.000928197	0.000665618	0	0.00408214	949.459	2288.39	4	9422	
31	32	1	6	7	3	12514	45537740	16160	46407941	0.0012775	0.00119594	0	0.00408214	2871.78	4031.4	5	9422	
31	32	1	7	1	3	6558	42243287	7013	42300366	0.00207806	0.00131339	0	0.00383214	6031.71	4341.57	10	9422	
32	33	8	1	1	3	56162	86443521	60564	89835093	0.00103174	0.000666923	0	0.00383214	1483.31	2301.44	5	9422	
32	33	3	2	1	3	45567	68933849	53159	71503134	0.000939629	0.000751511	0	0.00408214	1345.08	2514.24	5	9422	
32	33	2	3	1	3	69596	73277238	89968	79688332	0.000812246	0.000661027	0	0.00383214	885.741	1996.7	4	9422	
32	33	1	4	2	3	13916	44494935	18942	44844647	0.00115753	0.00114238	0	0.00408214	2367.47	3917.94	4	9422	
32	33	2	5	3	3	58315	62191481	67481	63770550	0.00092035	0.000670888	0	0.00408214	945.015	2286.77	4	9422	
32	33	1	6	7	3	12657	46840857	16303	47711058	0.00129261	0.00120146	0	0.00408214	2926.52	4056.46	5	9422	
32	33	1	7	1	3	6701	43575407	7155	43623064	0.00209636	0.00130664	0	0.00383214	6096.86	4323.1	10	9422	
33	34	8	1	1	3	58243	89080741	62719	92523920	0.00103142	0.000665237	0	0.00383214	1475.21	2297.51	5	9422	
33	34	1	2	4	3	45787	70248877	53378	72818795	0.000945716	0.000758787	0	0.00408214	1364.21	2541.94	5	9422	
33	34	2	3	5	3	72145	77192975	93223	83963623	0.000812616	0.00065997	0	0.00383214	900.675	1993.05	4	9422	
33	34	1	4	2	3	14138	45836149	19145	46194286	0.00117261	0.00114938	0	0.00408214	2412.86	3946.41	4	9422	
33	34	1	5	3	3	59765	63756738	69545	65387672	0.000916863	0.000673446	0	0.00408214	940.221	2289.1	4	9422	
33	34	1	6	7	3	12800	48188203	16460	49050557	0.00130617	0.00120675	0	0.00408214	2979.99	4082.44	5	9422	
33	34	1	7	1	3	6844	44895382	7298	44943039	0.00211407	0.00129982	0	0.00383214	6158.27	4303.57	10	9422	
34	35	8	1	3	3	60833	91376655	65620	94885284	0.00102507	0.00066248	0	0.00383214	1445.98	2287.98	5	9422	
34	35	1	2	4	3	45930	71560907	53620	74141119	0.000949449	0.000765539	0	0.00408214	1382.71	2568.92	5	9422	
34	35	1	3	1	3	75425	80306498	97006	87300290	0.000813379	0.000655453	0	0.00383214	899.947	1981.15	4	9422	
34	35	1	4	2	3	14489	47272054	19563	47639561	0.00117921	0.0011504	0	0.00408214	2435.19	3957.27	4	9422	
34	35	2	5	3	3	62892	66254225	73283	67997773	0.000912714	0.000667991	0	0.00408214	927.879	2264.88	4	9422	
34	35	1	6	7	3	12943	49462231	16636	50328050	0.00131813	0.00121191	0	0.00408214	3025.25	4100.84	5	9422	
34	35	1	7	1	3	6986	46158067	7441	46215146	0.00213109	0.001293	0	0.00383214	6210.88	4281.5	10	9422	
35	36	8	1	1	3	64268	94337495	69274	97886781	0.00101749	0.000655246	0	0.00383214	1413.04	2269.95	5	9422	
35	36	1	2	1	3	47532	73213977	55402	75809819	0.000950771	0.000763765	0	0.00408214	1368.36	2565.18	5	9422	
35	36	1	3	5	3	78627	82862505	100705	89931393	0.000813435	0.000651236	0	0.00383214	893.018	1973.1	4	9422	
35	36	1	4	2	3	14632	48619399	19706	48986906	0.00119242	0.00115659	0	0.00408214	2485.89	3987.23	4	9422	
35	36	1	5	6	3	66075	68324387	77012	70163217	0.000908344	0.000662649	0	0.00408214	911.069	2243.29	4	9422	
35	36	1	6	7	3	13085	50781055	16783	51656716	0.00133215	0.00121663	0	0.00408214	3077.92	4123.78	5	9422	
35	36	1	7	1	3	7129	47461709	7584	47518788	0.00214747	0.00128619	0	0.00383214	6265.66	4260.81	10	9422	
36	37	1	1	1	3	66444	96976731	71501	100563193	0.00101647	0.000653018	0	0.00383214	1406.46	2265.6	5	9422	
36	37	1	2	4	3	49001	74993199	57394	77723590	0.000945754	0.000763595	0	0.00408214	1354.21	2555.83	5	9422	
36	37	1	3	5	3	81124	84645739	103597	91770094	0.000815437	0.000649779	0	0.00383214	885.837	1972.23	4	9422	
36	37	1	4	2	3	14775	49966745	19854	50334463	0.00120514	0.00116252	0	0.00408214	2535.23	4015.61	4	9422	
36	37	2	5	3	3	68595	70289173	79681	72155570	0.000909606	0.000659283	0	0.00408214	905.556	2237.26	4	9422	
36	37	1	6	7	3	13228	52114539	16929	52990515	0.001346	0.00122108	0	0.00408214	3130.16	4146.08	5	9422	
36	37	1	7	1	3	7272	48748140	7727	48805219	0.00216325	0.00127941	0	0.00383214	6316.19	4239.1	10	9422	
37	38	8	1	1	3	69347	99463396	74516	103067253	0.00101366	0.000648664	0	0.00383214	1383.16	2255.23	5	9422	
37	38	3	2	1	3	49357	76697694	57760	79424313	0.000950323	0.000769107	0	0.00408214	1375.07	2579.75	5	9422	
37	38	2	3	1	3	83122	86292534	106667	93570728	0.000811969	0.000650683	0	0.00383214	877.223	1970.51	4	9422	
37	38	1	4	2	3	14918	51262536	20000	51630347	0.00121779	0.0011682	0	0.00408214	2581.52	4039.59	4	9422	
37	38	1	5	6	3	71734	72635360	83064	74559637	0.000910073	0.000654035	0	0.00408214	897.617	2220.19	4	9422	
37	38	1	6	7	3	13371	53419668	17094	54297954	0.00135811	0.00122545	0	0.00408214	3176.43	4164.35	5	9422	
37	38	1	7	1	3	7415	50072145	7870	50129224	0.00217846	0.00127265	0	0.00383214	6369.66	4219.71	10	9422	
38	39	8	1	1	3	71352	102214994	76605	105836843	0.00101335	0.000648278	0	0.00383214	1381.59	2254.34	5	9422	
38	39	3	2	1	3	51799	79315744	60746	82147510	0.000943314	0.000762732	0	0.00408214	1352.31	2552.8	5	9422	
38	39	2	3	1	3	86737	88604642	110388	95895646	0.000815838	0.000645916	0	0.00383214	868.714	1964.59	4	9422	
38	39	1	4	2	3	15061	52564475	20455	53008101	0.00121153	0.00117432	0	0.00408214	2591.45	4042.25	4	9422	
38	39	1	5	6	3	73269	74104103	84712	76036021	0.000912287	0.000654416	0	0.00408214	897.583	2227.28	4	9422	
38	39	1	6	7	3	13514	54724575	17322	55611786	0.001365	0.00123013	0	0.00408214	3210.47	4178.18	5	9422	
38	39	1	7	1	3	7558	51419491	8013	51476570	0.00219312	0.00126592	0	0.00383214	6424.13	4201.36	10	9422	
39	40	8	1	1	3	73716	104563700	80204	108576446	0.000997931	0.000652339	0	0.00383214	1353.75	2237.83	5	9422	
39	40	3	2	1	3	55076	82714443	64622	85741119	0.000934974	0.000752179	0	0.00408214	1326.81	2511.71	5	9422	
39	40	2	3	1	3	90235	91606566	114103	98958355	0.00081896	0.000641556	0	0.00383214	867.272	1956.04	4	9422	
39	40	1	4	2	3	15204	53906212	20598	54349838	0.00122395	0.00117962	0	0.00408214	2638.6	4067.58	4	9422	
39	40	2	5	3	3	75787	76157076	87541	78139802	0.000912299	0.00065185	0	0.00408214	892.608	2221.21	4	9422	
39	40	1	6	1	3	13657	56045169	17545	56940780	0.0013721	0.00123459	0	0.00408214	3245.41	4192.49	5	9422	
39	40	1	7	1	3	7701	52766837	8159	52814914	0.00220608	0.00125992	0	0.00383214	6473.21	4184.4	10	9422	
40	41	8	1	1	3	75852	107497654	83484	111995219	0.000984693	0.000655839	0	0.00383214	1341.52	2221.65	5	9422	
40	41	1	2	4	3	58467	85709615	68150	88765974	0.000934956	0.00074119	0	0.00408214	1302.51	2480.03	5	9422	
40	41	2	3	1	3	93618	94521517	117838	102025189	0.00082128	0.000637701	0	0.00383214	865.809	1947.84	4	9422	
40	41	1	4	2	3	15570	55232755	21021	55688329	0.0012287	0.00117922	0	0.00408214	2649.18	4072.98	4	9422	
40	41	1	5	3	3	78498	78815389	91108	81103888	0.000906799	0.000650519	0	0.00408214	890.195	2205.24	4	9422	
40	41	1	6	7	3	13800	57377422	17755	58270751	0.00137986	0.00123876	0	0.00408214	3281.93	4207.51	5	9422	
40	41	1	7	1	3	7844	54114182	8302	54162259	0.00221976	0.00125328	0	0.00383214	6524	4165.9	10	9422	
41	42	8	1	1	3	78284	110002121	86026	114527098	0.00098357	0.000653298	0	0.00383214	1331.31	2217.62	5	9422	
41	42	1	2	4	3	60914	88417255	71013	91550200	0.000932985	0.000737317	0	0.00408214	1289.2	2462.96	5	9422	
41	42	1	3	1	3	96707	97315572	121073	104838847	0.000823815	0.000634725	0	0.00383214	865.914	1946.59	4	9422	
41	42	1	4	2	3	16122	56589880	21851	57061305	0.00121787	0.00117483	0	0.00408214	2611.38	4056.33	4	9422	
41	42	2	5	3	3	79258	80337450	92061	82645851	0.000908102	0.000653752	0	0.00408214	897.729	2219.65	4	9422	
41	42	1	6	7	3	13943	58710908	17948	59611037	0.00138893	0.00124265	0	0.00408214	3321.32	4222.86	5	9422	
41	42	1	7	1	3	7986	55417586	8446	55475190	0.00223271	0.00124686	0	0.00383214	6568.22	4146.2	10	9422	
42	43	1	1	1	3	80504	111920622	88761	116516948	0.000978311	0.000653309	0	0.00383214	1312.7	2214.31	5	9422	
42	43	1	2	1	3	64016	91284509	74487	94562020	0.000930148	0.000729737	0	0.00408214	1269.51	2436.81	5	9422	
42	43	2	3	1	3	100372	100034552	124915	107593181	0.000825625	0.000630178	0	0.00383214	861.331	1938.99	4	9422	
42	43	1	4	2	3	17219	57918418	23015	58392677	0.00121198	0.00115763	0	0.00408214	2537.16	4020.31	4	9422	
42	43	2	5	3	3	82312	83125308	95852	85601804	0.000902968	0.000650816	0	0.00408214	893.062	2201.36	4	9422	
42	43	1	6	7	3	14085	59994871	18133	60907282	0.00139842	0.0012463	0	0.00408214	3358.92	4235.43	5	9422	
42	43	1	7	1	3	8129	56748493	8589	56806097	0.00224548	0.00124033	0	0.00383214	6613.82	4127	10	9422	
43	44	1	1	1	3	82253	115398459	90857	120144684	0.000976062	0.000654271	0	0.00383214	1322.35	2216.57	5	9422	
43	44	1	2	4	3	65475	93178235	77127	96740429	0.00091898	0.000732139	0	0.00408214	1254.3	2423.97	5	9422	
43	44	2	3	1	3	103658	102959302	128455	110581724	0.000827262	0.000627073	0	0.00383214	860.86	1934.5	4	9422	
43	44	1	4	2	3	17510	59209510	23308	59683831	0.00122235	0.00115942	0	0.00408214	2560.66	4032.71	4	9422	
43	44	2	5	3	3	85871	86316839	99660	88907787	0.000903068	0.000645233	0	0.00408214	892.111	2184.41	4	9422	
43	44	6	6	7	3	14228	61342217	18321	62259353	0.00140748	0.00124983	0	0.00408214	3398.25	4250.43	5	9422	
43	44	1	7	1	3	8272	58056881	8732	58114485	0.00225784	0.00123385	0	0.00383214	6655.35	4107.31	10	9422	
44	45	8	1	1	3	83934	118036272	92649	122886638	0.000977867	0.000654601	0	0.00383214	1326.37	2217.38	5	9422	
44	45	3	2	1	3	66046	94574685	77702	98136521	0.000923543	0.000736032	0	0.00408214	1262.99	2440.82	5	9422	
44	45	2	3	1	3	106786	105836677	132049	113675023	0.000827579	0.000624895	0	0.00383214	860.855	1929.93	4	9422	
44	45	1	4	2	3	17887	60529838	23695	61004607	0.00123109	0.00115906	0	0.00408214	2574.58	4041.11	4	9422	
44	45	2	5	3	3	89101	88435463	103098	91059785	0.00090311	0.000640781	0	0.00408214	883.235	2173.6	4	9422	
44	45	1	6	7	3	14371	62676188	18512	63598364	0.00141613	0.00125324	0	0.00408214	3435.52	4263.77	5	9422	
44	45	1	7	1	3	8415	59395054	8875	59452658	0.0022698	0.00122743	0	0.00383214	6698.89	4088.74	10	9422	
45	46	1	1	3	3	84865	120187910	93671	125152769	0.00098094	0.000657917	0	0.00383214	1336.09	2226.36	5	9422	
45	46	3	2	1	3	68396	96910893	80466	100654461	0.000922364	0.000732948	0	0.00408214	1250.89	2425.96	5	9422	
45	46	2	3	1	3	109610	108809406	135154	116691843	0.000828391	0.000623109	0	0.00383214	863.399	1929.14	4	9422	
45	46	2	4	2	3	19994	62112431	26353	62643422	0.0011913	0.00112431	0	0.00408214	2377.09	3931.13	4	9422	
45	46	2	5	3	3	92200	90634032	106440	93315683	0.000903325	0.000637168	0	0.00408214	876.698	2163.76	4	9422	
45	46	1	6	7	3	14514	63971217	18690	64897068	0.0014256	0.00125639	0	0.00408214	3472.29	4275.24	5	9422	
45	46	1	7	1	3	8558	60680235	9018	60737839	0.00228138	0.00122107	0	0.00383214	6735.18	4067.83	10	9422	
46	47	1	1	3	3	86485	122537305	95321	127512742	0.000982252	0.000657936	0	0.00383214	1337.72	2233.33	5	9422	
46	47	3	2	1	3	70288	99381595	83907	103609091	0.000908415	0.000734288	0	0.00408214	1234.81	2404.54	5	9422	
46	47	2	3	1	3	113053	111514544	138894	119455432	0.000829802	0.000620312	0	0.00383214	860.047	1922.76	4	9422	
46	47	1	4	2	3	20683	63435509	27132	63974148	0.00119177	0.00111896	0	0.00408214	2357.89	3921.59	4	9422	
46	47	2	5	3	3	94384	93121298	108993	95894829	0.000902441	0.000636794	0	0.00408214	879.826	2161.41	4	9422	
46	47	1	6	7	3	14657	65280604	18836	66206770	0.00143733	0.00125908	0	0.00408214	3514.91	4287.87	5	9422	
46	47	1	7	1	3	8701	61966415	9160	62014597	0.00229252	0.00121482	0	0.00383214	6770.15	4048.08	10	9422	
47	48	8	1	1	3	89049	124704491	97900	129682305	0.000983492	0.000655705	0	0.00383214	1324.64	2229.02	5	9422	
47	48	1	2	4	3	71546	101839445	85304	106086550	0.000910559	0.000735281	0	0.00408214	1243.63	2410.84	5	9422	
47	48	1	3	5	3	116253	114504796	142608	122612621	0.00082978	0.000618273	0	0.00383214	859.788	1917.23	4	9422	
47	48	2	4	2	3	21527	64855419	28001	65405554	0.00119242	0.00111162	0	0.00408214	2335.83	3906.16	4	9422	
47	48	1	5	3	3	97651	95785792	112493	98635263	0.000902204	0.0006329	0	0.00408214	876.812	2149.8	4	9422	
47	48	1	6	7	3	14800	66590869	18985	67508348	0.00144848	0.00126164	0	0.00408214	3555.88	4299.47	5	9422	
47	48	1	7	1	3	8844	63288710	9303	63336892	0.00230339	0.00120858	0	0.00383214	6808.22	4029.39	10	9422	
48	49	8	1	1	3	91196	128270487	100324	133345768	0.000981787	0.000655329	0	0.00383214	1329.15	2226.58	5	9422	
48	49	3	2	1	3	73270	104352716	87128	108607132	0.000912408	0.000733885	0	0.00408214	1246.52	2412	5	9422	
48	49	1	3	1	3	118964	117008104	145886	125285440	0.000829088	0.000617612	0	0.00383214	858.79	1915.47	4	9422	
48	49	1	4	2	3	21893	66198700	28271	66745486	0.00119964	0.00111416	0	0.00408214	2360.92	3919.36	4	9422	
48	49	2	5	3	3	100742	98050095	115692	100906230	0.000902717	0.000629402	0	0.00408214	872.197	2142.13	4	9422	
48	49	1	6	7	3	14943	67905024	19139	68823658	0.00145924	0.00126412	0	0.00408214	3595.99	4310.93	5	9422	
48	49	1	7	1	3	8986	64614331	9446	64671935	0.00231394	0.00120241	0	0.00383214	6846.49	4010.93	10	9422	
49	50	8	1	1	3	92322	131170195	101570	136352852	0.000983271	0.000656927	0	0.00383214	1342.45	2234.65	5	9422	
49	50	1	2	1	3	74901	105963807	88832	110225856	0.000914549	0.00073272	0	0.00408214	1240.84	2412.76	5	9422	
49	50	2	3	1	3	122341	119259961	149731	127617219	0.000829279	0.0006153	0	0.00383214	852.31	1910.3	4	9422	
49	50	2	4	2	3	23321	67695589	30051	68285064	0.00117771	0.00109912	0	0.00408214	2272.31	3865.23	4	9422	
49	50	1	5	6	3	103733	100065085	118898	102935053	0.000903075	0.000626494	0	0.00408214	865.743	2135.78	4	9422	
49	50	1	6	7	3	15085	69191564	19313	70122875	0.00146831	0.0012667	0	0.00408214	3630.86	4320.12	5	9422	
49	50	1	7	1	3	9129	65934408	9589	65992012	0.00232417	0.0011963	0	0.00383214	6882.05	3992.18	10	9422	
50	51	1	1	1	3	93528	133813630	102930	139201314	0.000985925	0.0006585	0	0.00383214	1352.39	2240	5	9422	
50	51	3	2	1	3	76869	109052436	90854	113336903	0.000916809	0.000730216	0	0.00408214	1247.46	2407.49	5	9422	
50	51	2	3	1	3	125120	121818550	152995	130326656	0.000829061	0.000614367	0	0.00383214	851.836	1907.58	4	9422	
50	51	1	4	2	3	25758	69389726	33004	70016028	0.00114449	0.00106931	0	0.00408214	2121.44	3766.36	4	9422	
50	51	2	5	3	3	106060	101831092	122244	104862792	0.000898221	0.000627549	0	0.00408214	857.815	2129.53	4	9422	
50	51	1	6	7	3	15228	70492558	19480	71426389	0.00147775	0.00126908	0	0.00408214	3666.65	4329.36	5	9422	
50	51	1	7	1	3	9272	67281754	9732	67339358	0.0023341	0.00119026	0	0.00383214	6919.38	3974.51	10	9422	
51	52	8	1	1	3	95662	136066889	105486	141537001	0.000983559	0.00065888	0	0.00383214	1341.76	2235.86	5	9422	
51	52	3	2	1	3	79859	113954328	94665	118913468	0.000910305	0.00072542	0	0.00408214	1256.15	2381.33	5	9422	
51	52	1	3	5	3	128389	125055408	156416	133625797	0.000830458	0.000612051	0	0.00383214	854.297	1905.06	4	9422	
51	52	1	4	2	3	26072	70679684	33308	71305423	0.00115252	0.00107218	0	0.00408214	2140.79	3779.2	4	9422	
51	52	2	5	3	3	108934	103581040	125319	106629967	0.000898851	0.000625214	0	0.00408214	850.868	2125.88	4	9422	
51	52	1	6	7	3	15371	71771509	19623	72705340	0.00148884	0.00127105	0	0.00408214	3705.11	4337.83	5	9422	
51	52	1	7	1	3	9415	68596332	9875	68653936	0.00234374	0.00118429	0	0.00383214	6952.3	3956.02	10	9422	
52	53	8	1	1	3	97958	139058907	108251	144892347	0.000980061	0.000658687	0	0.00383214	1338.49	2228.55	5	9422	
52	53	3	2	1	3	83427	116840605	98551	121868925	0.000908248	0.000717653	0	0.00408214	1236.61	2358.78	5	9422	
52	53	2	3	1	3	131532	127223569	159711	135818975	0.000832033	0.000609945	0	0.00383214	850.405	1903.41	4	9422	
52	53	1	4	2	3	26293	72006764	33478	72620703	0.00116013	0.00107658	0	0.00408214	2169.21	3798.69	4	9422	
52	53	2	5	6	3	111164	105735780	128185	108947408	0.000896463	0.000625446	0	0.00408214	849.923	2122.08	4	9422	
52	53	1	6	7	3	15514	73086439	19776	74021320	0.00149901	0.00127303	0	0.00408214	3742.99	4347.24	5	9422	
52	53	1	7	1	3	9558	69902573	10018	69960177	0.00235311	0.00117838	0	0.00383214	6983.45	3937.51	10	9422	
53	54	8	1	1	3	99861	141670767	110270	147598752	0.000980935	0.000658297	0	0.00383214	1338.52	2229.49	5	9422	
53	54	1	2	4	3	83958	118499275	99538	124156442	0.000907347	0.000721502	0	0.00408214	1247.33	2367.9	5	9422	
53	54	2	3	1	3	133895	129793748	163168	138879043	0.000829423	0.000610787	0	0.00383214	851.141	1899.86	4	9422	
53	54	2	4	2	3	26690	73355858	33792	73970258	0.00116631	0.00107863	0	0.00408214	2188.99	3810.59	4	9422	
53	54	2	5	3	3	113938	108483629	131525	111869199	0.000895444	0.000624386	0	0.00408214	850.555	2114.67	4	9422	
53	54	1	6	7	3	15657	74366236	19923	75301537	0.00150949	0.00127482	0	0.00408214	3779.63	4354.89	5	9422	
53	54	1	7	1	3	9701	71193283	10160	71241465	0.00236215	0.00117258	0	0.00383214	7011.96	3918.9	10	9422	
54	55	8	1	1	3	101884	144322708	112346	150281687	0.000981373	0.000657655	0	0.00383214	1337.67	2229.82	5	9422	
54	55	3	2	1	3	84549	119873744	100130	125530388	0.000910965	0.000724693	0	0.00408214	1253.67	2380.5	5	9422	
54	55	2	3	5	3	136253	133478499	166601	143565279	0.00082753	0.000611836	0	0.00383214	861.731	1897.13	4	9422	
54	55	2	4	2	3	27029	74724736	34553	75368975	0.00115817	0.0010811	0	0.00408214	2181.26	3806.76	4	9422	
54	55	1	5	6	3	114928	110062064	133838	113596597	0.000889404	0.000629131	0	0.00408214	848.762	2115.62	4	9422	
54	55	1	6	7	3	15800	75713582	20071	76640091	0.00151958	0.00127651	0	0.00408214	3818.45	4364.98	5	9422	
54	55	1	7	1	3	9844	72520803	10307	72569517	0.00237008	0.00116751	0	0.00383214	7040.8	3903.1	10	9422	
55	56	8	1	1	3	104342	146964252	114888	152950558	0.000981119	0.000655667	0	0.00383214	1331.3	2226.74	5	9422	
55	56	1	2	4	3	87072	122038259	103542	127900793	0.000905359	0.00072252	0	0.00408214	1235.26	2364.67	5	9422	
55	56	1	3	1	3	138662	137652026	170134	148618105	0.000825715	0.000613186	0	0.00383214	873.536	1895.15	4	9422	
55	56	1	4	2	3	27424	76150658	34967	76800799	0.00116097	0.00108312	0	0.00408214	2196.38	3815.94	4	9422	
55	56	2	5	3	3	116910	111999974	135977	115560775	0.000890498	0.000628811	0	0.00408214	849.855	2117.52	4	9422	
55	56	6	6	7	3	15943	77042665	20251	77973059	0.00152726	0.00127853	0	0.00408214	3850.33	4372.88	5	9422	
55	56	1	7	1	3	9986	73802451	10454	73860895	0.00237779	0.00116251	0	0.00383214	7065.32	3886.49	10	9422	
56	57	8	1	1	3	106677	149264404	117303	155267661	0.000981057	0.000654182	0	0.00383214	1323.65	2224.02	5	9422	
56	57	1	2	1	3	88618	123733559	105114	129600643	0.000907905	0.000722659	0	0.00408214	1232.95	2368.64	5	9422	
56	57	2	3	1	3	141176	140491560	173588	151816956	0.000823358	0.000613374	0	0.00383214	874.582	1892.18	4	9422	
56	57	1	4	2	3	27954	77601461	35412	78249398	0.00116508	0.00108332	0	0.00408214	2209.69	3823.44	4	9422	
56	57	1	5	6	3	120481	114672897	139687	118274094	0.000890851	0.000625126	0	0.00408214	846.708	2107.76	4	9422	
56	57	1	6	7	3	16085	78380589	20454	79326705	0.00153307	0.00128077	0	0.00408214	3878.3	4380.61	5	9422	
56	57	1	7	1	3	10129	75107038	10601	75165902	0.00238529	0.00115757	0	0.00383214	7090.45	3870.46	10	9422	
57	58	1	1	1	3	109497	152236704	120170	158249839	0.000980465	0.000651387	0	0.00383214	1316.88	2218.66	5	9422	
57	58	1	2	4	3	89118	125134460	105626	130993341	0.000911037	0.000726011	0	0.00408214	1240.16	2382.75	5	9422	
57	58	2	3	1	3	144855	143401967	177480	154779383	0.000824735	0.000610648	0	0.00383214	872.095	1888.66	4	9422	
57	58	1	4	2	3	28147	78949963	35555	79596422	0.00117246	0.00108736	0	0.00408214	2238.68	3842.93	4	9422	
57	58	2	5	3	3	123536	117056317	143038	120718095	0.000890508	0.000622946	0	0.00408214	843.958	2102.33	4	9422	
57	58	1	6	7	3	16228	79727935	20676	80682346	0.00153736	0.0012832	0	0.00408214	3902.22	4387.49	5	9422	
57	58	1	7	1	3	10272	76437835	10744	76496699	0.00239347	0.001152	0	0.00383214	7119.95	3853.57	10	9422	
58	59	8	1	1	3	111528	154862756	122243	160896934	0.000980903	0.000650751	0	0.00383214	1316.21	2218.82	5	9422	
58	59	1	2	4	3	90229	126580078	106742	132439402	0.000913622	0.000726666	0	0.00408214	1240.74	2389.41	5	9422	
58	59	2	3	1	3	146689	145245749	180194	156744005	0.000823573	0.000612029	0	0.00383214	869.863	1891.05	4	9422	
58	59	1	4	2	3	28290	80254019	35711	80900887	0.00117935	0.00109133	0	0.00408214	2265.43	3859.69	4	9422	
58	59	2	5	3	3	127058	121115036	146740	124878703	0.000891117	0.000619903	0	0.00408214	851.02	2093.43	4	9422	
58	59	1	6	7	3	16371	81052028	20878	82012634	0.00154303	0.00128529	0	0.00408214	3928.18	4393.48	5	9422	
58	59	1	7	1	3	10415	77785181	10887	77844045	0.00240144	0.00114649	0	0.00383214	7150.18	3837.14	10	9422	
59	60	1	1	3	3	113194	157265968	123957	163339957	0.000981325	0.000650617	0	0.00383214	1317.71	2219.95	5	9422	
59	60	3	2	1	3	91372	128853791	107895	134724739	0.000916075	0.000727204	0	0.00408214	1248.67	2396.43	5	9422	
59	60	2	3	1	3	147546	146592521	182506	158274066	0.000819096	0.000615403	0	0.00383214	867.227	1894.38	4	9422	
59	60	1	4	2	3	28421	81426536	35863	82083262	0.00118531	0.00109492	0	0.00408214	2288.8	3873.59	4	9422	
59	60	2	5	3	3	130653	124764326	150448	128576768	0.000891701	0.000616495	0	0.00408214	854.626	2082.65	4	9422	
59	60	1	6	7	3	16504	82274910	21045	83251947	0.00154975	0.00128689	0	0.00408214	3955.9	4399.15	5	9422	
59	60	1	7	1	3	10547	78963210	11019	79022074	0.00240861	0.00114146	0	0.00383214	7171.44	3821.77	10	9422	
