% start	end	CellId	IMSI	RNTI	LCID	nTxPDUs	TxBytes	nRxPDUs	RxBytes	delay	stdDev	min	max	PduSize	stdDev	min	max
0	1	6	1	1	3	2585	2313017	2870	2401771	0.000939244	0.000545101	0	0.003	836.854	1834.88	15	9422	
0	1	1	2	2	3	2552	2008892	2706	2058515	0.000946732	0.000528306	0	0.003	760.722	1802.79	9	9422	
0	1	1	3	5	3	522	1651918	460	1634056	0.0014276	0.00101991	0	0.00408214	3552.3	3378.69	23	9422	
0	1	2	4	1	3	1106	1762693	1981	1957426	0.000668871	0.000801233	0	0.003	988.1	2203.39	5	9422	
0	1	4	5	6	3	2444	2254544	2948	2390528	0.000825851	0.00059613	0	0.003	810.898	1795.58	5	9422	
0	1	8	6	2	3	2215	2328941	2256	2343540	0.000979462	0.000562195	0	0.003	1038.8	1983.08	15	9422	
0	1	7	7	1	3	1443	2326198	1543	2387141	0.00104857	0.000687851	0	0.003	1547.08	2309.14	23	9422	
1	2	1	1	2	3	4420	4225635	6328	4846167	0.000735152	0.000644288	0	0.003	765.829	1821.01	5	9422	
1	2	6	2	2	3	5922	4193269	6253	4282114	0.000925821	0.000501706	0	0.003	684.81	1753.37	9	9422	
1	2	8	3	1	3	744	2981379	670	2962282	0.00177831	0.00113105	0	0.00408214	4421.32	3917.65	13	9422	
1	2	2	4	1	3	2501	3716362	4691	4472338	0.000624736	0.000772133	0	0.003	953.387	2090.22	5	9422	
1	2	4	5	1	3	4577	4927240	5304	5240789	0.000883071	0.00062466	0	0.003	988.082	1956.17	5	9422	
1	2	1	6	2	3	4369	4951088	4461	4992170	0.000982036	0.000578027	0	0.003	1119.07	2053.19	15	9422	
1	2	7	7	1	3	3041	4955669	3264	5137477	0.00106737	0.000687587	0	0.003	1573.98	2317.4	23	9422	
2	3	1	1	1	3	5413	5675738	7509	6310341	0.000779927	0.000684297	0	0.003	840.37	2063.62	5	9422	
2	3	6	2	2	3	8671	7605526	9093	7734527	0.000932999	0.000512945	0	0.003	850.602	1832.27	9	9422	
2	3	1	3	5	3	960	4316130	878	4305278	0.00194868	0.00114311	0	0.00408214	4903.51	4111.08	13	9422	
2	3	1	4	1	3	4673	6549782	7513	7462431	0.000684217	0.000734797	0	0.00308214	993.269	2082.78	5	9422	
2	3	1	5	6	3	6626	6707670	7396	7028172	0.000927445	0.000629572	0	0.00383214	950.267	2040.06	5	9422	
2	3	8	6	2	3	7242	7589399	7382	7642143	0.000981513	0.000560009	0	0.003	1035.24	1988.42	12	9422	
2	3	7	7	1	3	4507	7562143	4848	7875907	0.0010843	0.000689719	0	0.003	1624.57	2338.62	23	9422	
3	4	6	1	1	3	6104	7330840	8895	8208822	0.000759927	0.000725416	0	0.003	922.858	2186.28	5	9422	
3	4	1	2	4	3	10312	9552925	10827	9705071	0.000947202	0.00053945	0	0.003	896.377	1955.4	9	9422	
3	4	8	3	5	3	2379	6833664	3051	7107592	0.00107543	0.00103512	0	0.00408214	2329.59	3331.54	10	9422	
3	4	1	4	1	3	7742	8692051	10839	9646380	0.000752589	0.000688541	0	0.00308214	889.97	2001.01	5	9422	
3	4	4	5	1	3	9322	9463189	10242	9808372	0.000927374	0.000606649	0	0.00383214	957.662	2041.03	5	9422	
3	4	1	6	3	3	9963	9362094	10258	9428040	0.000970103	0.000553561	0	0.003	919.091	2000.69	5	9422	
3	4	7	7	1	3	5980	10077475	6408	10471405	0.0010824	0.000689589	0	0.003	1634.11	2372.71	23	9422	
4	5	6	1	1	3	8669	9802115	12249	10924524	0.000778127	0.000708387	0	0.00383214	891.871	2090.69	5	9422	
4	5	1	2	4	3	11417	11842042	12025	12025619	0.0009584	0.000569619	0	0.003	1000.05	2049.88	9	9422	
4	5	8	3	5	3	4529	10103926	6652	11235426	0.000825811	0.000880734	0	0.00408214	1689.03	2644.53	6	9422	
4	5	1	4	1	3	9878	10969878	13517	12021292	0.000763147	0.000679819	0	0.00308214	889.346	2006.07	5	9422	
4	5	4	5	1	3	12878	11969862	13879	12331776	0.000924335	0.000571144	0	0.00383214	888.52	1968.4	5	9422	
4	5	8	6	2	3	13070	11176378	13519	11268804	0.000960959	0.000540724	0	0.003	833.553	1978.76	5	9422	
4	5	1	7	1	3	8025	12836778	8528	13290912	0.00106223	0.000667491	0	0.003	1558.5	2319.58	5	9422	
5	6	6	1	1	3	9299	11695528	14851	13441723	0.000702777	0.000734818	0	0.00383214	905.106	2085.17	5	9422	
5	6	1	2	4	3	11608	13192907	12349	13384815	0.000972116	0.000612915	0	0.00383214	1083.88	2217.87	7	9422	
5	6	8	3	1	3	7705	14034471	10485	15669682	0.00081353	0.000775437	0	0.00408214	1494.49	2338.72	6	9422	
5	6	2	4	1	3	12106	13227369	16758	14607550	0.000751554	0.000676454	0	0.00308214	871.676	1962.97	5	9422	
5	6	1	5	1	3	15986	15487142	17327	15951418	0.000909379	0.000562898	0	0.00383214	920.61	1952.15	5	9422	
5	6	8	6	2	3	16459	13695012	17036	13820080	0.000949206	0.000528264	0	0.003	811.228	1937.74	5	9422	
5	6	7	7	1	3	9260	15457974	9870	16034274	0.00107162	0.000676507	0	0.003	1624.55	2360.47	5	9422	
6	7	6	1	2	3	9883	13302974	15892	15249946	0.000712956	0.00075553	0	0.00383214	959.599	2165.69	5	9422	
6	7	1	2	4	3	12341	14616419	13256	14822303	0.000982258	0.000643146	0	0.00383214	1118.16	2320.6	7	9422	
6	7	1	3	1	3	11449	17711646	14405	19435268	0.000829838	0.000704345	0	0.00408214	1349.2	2180.2	6	9422	
6	7	2	4	1	3	14064	17589360	20360	20034997	0.000715763	0.000677412	0	0.00308214	984.037	1943.93	5	9422	
6	7	4	5	1	3	19090	18024043	20486	18490620	0.000912158	0.00055129	0	0.00383214	902.598	1940.46	5	9422	
6	7	8	6	2	3	19828	15900767	20573	16063807	0.000941306	0.000520337	0	0.003	780.82	1914.31	5	9422	
6	7	1	7	7	3	10626	18091993	11350	18799490	0.00107707	0.000683072	0	0.003	1656.34	2374.22	5	9422	
7	8	6	1	2	3	10026	14621123	16319	16609996	0.000720589	0.000781354	0	0.00383214	1017.83	2275.28	5	9422	
7	8	1	2	2	3	15131	17276847	16238	17531732	0.000976812	0.000631642	0	0.00383214	1079.67	2263.23	7	9422	
7	8	1	3	5	3	13369	20064770	16447	21805306	0.000845351	0.000695528	0	0.00408214	1325.79	2190.66	6	9422	
7	8	2	4	1	3	15849	20746359	22855	23775579	0.00071975	0.000679718	0	0.00308214	1040.28	1951.73	5	9422	
7	8	1	5	6	3	19957	19736178	21288	20198475	0.000923518	0.000569098	0	0.00383214	948.82	2027.39	5	9422	
7	8	8	6	3	3	22450	19506774	24096	20438986	0.000913155	0.000539861	0	0.003	848.231	1895.6	5	9422	
7	8	7	7	1	3	11948	20710358	12809	21579514	0.00108133	0.000689864	0	0.003	1684.71	2383.85	5	9422	
8	9	1	1	2	3	10169	15958965	17083	18013838	0.000713475	0.000803449	0	0.00383214	1054.49	2357.42	5	9422	
8	9	6	2	2	3	17334	19094438	18515	19350649	0.000977211	0.000626376	0	0.00383214	1045.13	2255.47	7	9422	
8	9	8	3	1	3	15776	23239202	19280	25226204	0.000849405	0.000683044	0	0.00408214	1308.41	2150.59	6	9422	
8	9	2	4	1	3	18379	23383318	25449	26442198	0.000743948	0.000671072	0	0.00308214	1039.03	1956.35	5	9422	
8	9	1	5	6	3	20201	20985286	21431	21446295	0.000937374	0.000591854	0	0.00383214	1000.71	2120.43	5	9422	
8	9	1	6	2	3	24296	22847679	27619	25065862	0.000869272	0.000572331	0	0.003	907.559	1879.76	5	9422	
8	9	7	7	1	3	13076	23343924	14091	24414332	0.00109287	0.000698839	0	0.003	1732.62	2401.56	5	9422	
9	10	1	1	2	3	10312	17233769	17274	19291079	0.000730421	0.000826319	0	0.00383214	1116.77	2453.15	5	9422	
9	10	6	2	2	3	20375	22833037	21606	23108860	0.000974951	0.000610723	0	0.00383214	1069.56	2210.99	5	9422	
9	10	8	3	1	3	18132	25977324	22171	28229620	0.000853118	0.000677122	0	0.00408214	1273.27	2125.69	6	9422	
9	10	1	4	1	3	20336	25897786	27442	28965615	0.000761986	0.000669844	0	0.00308214	1055.52	1977.54	5	9422	
9	10	4	5	6	3	21636	24658505	23129	25193487	0.000934172	0.00060433	0	0.00383214	1089.26	2155.48	5	9422	
9	10	8	6	2	3	26938	26028363	30497	28373307	0.000878699	0.000571619	0	0.003	930.364	1881.2	5	9422	
9	10	7	7	1	3	14420	25963096	15546	27171291	0.00109422	0.000700633	0	0.003	1747.8	2403.36	5	9422	
10	11	6	1	1	3	10584	18545334	17907	20623431	0.00073709	0.000844587	0	0.00383214	1151.7	2517.25	5	9422	
10	11	6	2	2	3	23072	25596603	24718	25982806	0.00096082	0.000609102	0	0.00383214	1051.17	2183.46	5	9422	
10	11	8	3	1	3	21503	28361385	25701	30649598	0.000862616	0.000655194	0	0.00408214	1192.54	2090.56	6	9422	
10	11	1	4	1	3	22359	28629833	29500	31718344	0.000778334	0.000667718	0	0.00308214	1075.2	1999.68	5	9422	
10	11	1	5	6	3	23268	27993033	26505	29651099	0.000881815	0.000631881	0	0.00383214	1118.7	2109.89	5	9422	
10	11	8	6	2	3	28833	28443359	33343	31197105	0.000870431	0.000584629	0	0.00308214	935.642	1884.94	5	9422	
10	11	1	7	1	3	15720	28596885	16910	29866905	0.00109263	0.000702466	0	0.003	1766.23	2414.54	5	9422	
11	12	1	1	2	3	10877	19861102	18230	21942315	0.000754166	0.000862759	0	0.00383214	1203.64	2595.64	5	9422	
11	12	6	2	2	3	26839	29883916	28516	30279921	0.000958359	0.000591552	0	0.00383214	1061.86	2129.63	5	9422	
11	12	8	3	1	3	22465	29760987	26689	32050690	0.000874432	0.000664588	0	0.00408214	1200.9	2137.99	6	9422	
11	12	2	4	1	3	25388	31263576	32866	34460176	0.000788471	0.000657332	0	0.00308214	1048.51	1978.38	5	9422	
11	12	1	5	6	3	24114	30242875	27495	31920957	0.000889833	0.000644981	0	0.00383214	1160.97	2160.12	5	9422	
11	12	8	6	2	3	30106	30831688	35391	33888987	0.000860798	0.000598373	0	0.00308214	957.559	1914.75	5	9422	
11	12	1	7	1	3	16855	31221431	18157	32643289	0.00109789	0.000707043	0	0.003	1797.83	2426.13	5	9422	
12	13	6	1	1	3	11640	21584652	19340	23714665	0.000762885	0.000868421	0	0.00408214	1226.2	2626.2	5	9422	
12	13	6	2	2	3	29168	31714274	30946	32124054	0.000960034	0.000591002	0	0.00383214	1038.07	2132.34	5	9422	
12	13	8	3	1	3	24036	31404381	29028	33816890	0.000866622	0.000671874	0	0.00408214	1164.97	2142.59	5	9422	
12	13	1	4	1	3	26546	33121294	34121	36348985	0.000799772	0.000664806	0	0.00308214	1065.3	2019.51	5	9422	
12	13	1	5	6	3	24738	32313915	28256	34023466	0.000897323	0.000658766	0	0.00383214	1204.11	2214.56	5	9422	
12	13	8	6	2	3	31980	33401907	37318	36477946	0.000868032	0.000600129	0	0.00383214	977.489	1943.37	5	9422	
12	13	7	7	1	3	18018	33853811	19448	35435759	0.00110309	0.000709374	0	0.003	1822.08	2435.98	5	9422	
13	14	6	1	1	3	13156	23274329	21958	25526188	0.000754931	0.000857626	0	0.00408214	1162.5	2565.45	5	9422	
13	14	1	2	4	3	31498	34653169	33398	35093639	0.000959888	0.00059059	0	0.00383214	1050.77	2129.42	5	9422	
13	14	1	3	1	3	26701	34102518	32689	36764122	0.000850544	0.00066703	0	0.00408214	1124.66	2100.88	5	9422	
13	14	1	4	1	3	27904	34701201	35534	37945922	0.000811543	0.000669473	0	0.00308214	1067.88	2049.41	5	9422	
13	14	1	5	6	3	24983	33643032	28398	35332451	0.000907837	0.000673648	0	0.00383214	1244.19	2280.8	5	9422	
13	14	8	6	2	3	35132	35438784	40625	38538265	0.000871907	0.000592157	0	0.00383214	948.634	1937.17	5	9422	
13	14	7	7	7	3	19156	36479728	20659	38152742	0.00110468	0.000712364	0	0.003	1846.79	2449.66	5	9422	
14	15	1	1	2	3	13741	24682555	22864	26960437	0.000762921	0.000865334	0	0.00408214	1179.17	2602.12	5	9422	
14	15	1	2	4	3	32676	36170445	34932	36655219	0.000956526	0.000601711	0	0.00383214	1049.33	2156	5	9422	
14	15	8	3	1	3	30370	38429663	36585	41235296	0.000852632	0.0006486	0	0.00408214	1127.11	2053.63	5	9422	
14	15	2	4	1	3	29521	37420491	37344	40705479	0.000818515	0.000671107	0	0.00308214	1090.01	2072.99	5	9422	
14	15	4	5	6	3	27736	36526340	31530	38488577	0.000901807	0.000663984	0	0.00383214	1220.7	2243.03	5	9422	
14	15	8	6	2	3	38807	38456662	44481	41607655	0.000873999	0.000581724	0	0.00383214	935.403	1915.09	5	9422	
14	15	7	7	1	3	20465	39082937	21998	40800080	0.00110138	0.000712494	0	0.003	1854.72	2456.45	5	9422	
15	16	6	1	1	3	14883	26048538	24154	28336397	0.000782562	0.000863398	0	0.00408214	1173.16	2609.54	5	9422	
15	16	1	2	4	3	35428	39111559	38077	39630662	0.000949825	0.000600719	0	0.00383214	1040.8	2133.97	5	9422	
15	16	1	3	5	3	33677	41041425	39986	43860035	0.000859306	0.000637421	0	0.00408214	1096.88	2037.26	5	9422	
15	16	1	4	1	3	29664	38726464	37645	42034855	0.000823366	0.000683849	0	0.00308214	1116.61	2124.81	5	9422	
15	16	1	5	6	3	30378	39259118	34420	41282140	0.000902227	0.000656411	0	0.00383214	1199.36	2229	5	9422	
15	16	1	6	3	3	40400	40126812	46159	43292918	0.000878641	0.000585756	0	0.00383214	937.908	1942.55	5	9422	
15	16	7	7	1	3	21771	41726311	23389	43549664	0.00110152	0.000713047	0	0.003	1861.97	2459.01	5	9422	
16	17	1	1	2	3	16705	28676481	26893	31156235	0.000778443	0.000850386	0	0.00408214	1158.53	2556.23	5	9422	
16	17	1	2	4	3	35585	40411696	38318	40935750	0.000955667	0.000614145	0	0.00383214	1068.32	2184.33	5	9422	
16	17	1	3	5	3	35607	43296848	42135	46176030	0.000865828	0.000640235	0	0.00408214	1095.91	2043.95	5	9422	
16	17	1	4	1	3	29807	40034129	37866	43350022	0.00082989	0.000695821	0	0.00308214	1144.83	2176.04	5	9422	
16	17	1	5	6	3	32194	40964945	36342	42998832	0.000907165	0.000655681	0	0.00383214	1183.17	2240.5	5	9422	
16	17	1	6	3	3	40646	41481855	46311	44631810	0.000885753	0.000597896	0	0.00383214	963.741	1995.32	5	9422	
16	17	7	7	1	3	22958	44361857	24701	46350033	0.00110479	0.000714939	0	0.003	1876.44	2459.87	5	9422	
17	18	1	1	2	3	17064	30484234	28878	33431226	0.000746824	0.00085557	0	0.00408214	1157.67	2545.84	5	9422	
17	18	1	2	4	3	36060	41731026	38959	42283127	0.00095869	0.000625588	0	0.00383214	1085.32	2222.14	5	9422	
17	18	8	3	1	3	38066	46442913	44713	49346152	0.000870918	0.000636257	0	0.00408214	1103.62	2047.92	5	9422	
17	18	1	4	1	3	31281	41680471	39428	45006396	0.000837991	0.000696945	0	0.00308214	1141.48	2190.42	5	9422	
17	18	1	5	6	3	33596	44545903	37759	46577065	0.000914182	0.000658595	0	0.00383214	1233.54	2264.8	5	9422	
17	18	8	6	3	3	42039	43349309	48443	46674144	0.000880023	0.000607116	0	0.00383214	963.486	2008.75	5	9422	
17	18	7	7	1	3	24235	46974606	26095	49095665	0.00110646	0.000715703	0	0.003	1881.42	2460.75	5	9422	
18	19	1	1	2	3	17277	31820634	29184	34780531	0.000756345	0.000867528	0	0.00408214	1191.77	2596.61	5	9422	
18	19	1	2	2	3	36315	43019507	39253	43574678	0.000965702	0.000637267	0	0.00383214	1110.1	2265.4	5	9422	
18	19	8	3	1	3	40618	48467563	47590	51415188	0.000872204	0.000632593	0	0.00408214	1080.38	2047.08	5	9422	
18	19	2	4	1	3	33778	46923589	42854	51097753	0.000829562	0.000692745	0	0.00308214	1192.37	2166.34	5	9422	
18	19	4	5	1	3	35938	47659443	41202	49963994	0.000894205	0.000660467	0	0.00383214	1212.66	2232.05	5	9422	
18	19	8	6	2	3	45185	46492565	51911	49930161	0.000880265	0.000602059	0	0.00383214	961.842	1997.25	5	9422	
18	19	1	7	1	3	25478	49618495	27427	51853914	0.00110731	0.000716677	0	0.003	1890.62	2466.18	5	9422	
19	20	6	1	1	3	18114	33223001	30183	36208976	0.000767235	0.000870305	0	0.00408214	1199.65	2617.46	5	9422	
19	20	6	2	2	3	37896	44829491	40870	45391759	0.000969708	0.00063889	0	0.00383214	1110.64	2277.33	5	9422	
19	20	1	3	5	3	41464	50292277	48563	53261939	0.000876629	0.000638713	0	0.00408214	1096.76	2075.56	5	9422	
19	20	1	4	1	3	35882	50613843	46441	56025865	0.000812726	0.000693995	0	0.00308214	1206.39	2140.3	5	9422	
19	20	1	5	6	3	37641	49457822	43784	51921959	0.000881897	0.000664542	0	0.00383214	1185.87	2227.02	5	9422	
19	20	8	6	2	3	48398	49616200	55578	53209198	0.000879579	0.000599087	0	0.00383214	957.379	1978.41	5	9422	
19	20	7	7	1	3	26813	52218770	28834	54529518	0.00110635	0.000716391	0	0.003	1891.15	2468.19	5	9422	
20	21	1	1	2	3	18737	34986919	30855	37981777	0.000780442	0.000876734	0	0.00408214	1230.98	2651.01	5	9422	
20	21	1	2	4	3	39832	49284371	42771	49846261	0.00097131	0.000637111	0	0.00383214	1165.42	2283.14	5	9422	
20	21	1	3	1	3	44479	53370634	52142	56588696	0.000872755	0.000633401	0	0.00408214	1085.28	2053.1	5	9422	
20	21	2	4	1	3	38949	54934908	49625	60403625	0.000821103	0.000685024	0	0.00308214	1217.2	2124.9	5	9422	
20	21	4	5	1	3	39034	51875648	45207	54332134	0.000888428	0.000666647	0	0.00383214	1201.85	2244.85	5	9422	
20	21	8	6	2	3	51777	52276021	59213	55918243	0.000882225	0.000593306	0	0.00383214	944.358	1966.83	5	9422	
20	21	7	7	1	3	28124	54870960	30201	57242576	0.0011051	0.000717694	0	0.00383214	1895.39	2471.48	5	9422	
21	22	6	1	1	3	19229	36526196	31564	39559973	0.000787298	0.000882477	0	0.00408214	1253.33	2681.04	5	9422	
21	22	1	2	2	3	41549	52216218	44897	52972549	0.000966019	0.000641337	0	0.00383214	1179.87	2279.26	5	9422	
21	22	8	3	1	3	46599	55288088	55441	58699824	0.000862144	0.00063669	0	0.00408214	1058.78	2043.71	5	9422	
21	22	2	4	1	3	41017	57562322	51798	63087668	0.000829479	0.000684203	0	0.00308214	1217.96	2124.26	5	9422	
21	22	1	5	6	3	39288	53234567	45456	55690592	0.000898474	0.000680583	0	0.00383214	1225.15	2286.17	5	9422	
21	22	8	6	2	3	54998	55203987	62789	58986386	0.000883923	0.000589742	0	0.00383214	939.438	1955.91	5	9422	
21	22	7	7	1	3	29294	57492252	31440	59965227	0.00110475	0.000719096	0	0.00383214	1907.29	2471.54	5	9422	
22	23	1	1	2	3	19747	37907043	33729	41146109	0.000760292	0.000882856	0	0.00408214	1219.9	2661.92	5	9422	
22	23	6	2	2	3	44260	54482031	48251	55355771	0.000955199	0.000639798	0	0.00383214	1147.25	2252.42	5	9422	
22	23	8	3	1	3	49523	58310048	58935	61890511	0.000861615	0.000632565	0	0.00408214	1050.15	2029.5	5	9422	
22	23	1	4	1	3	42881	60188835	53718	65754127	0.00083558	0.000683296	0	0.00308214	1224.06	2129.38	5	9422	
22	23	4	5	1	3	40174	55670811	46458	58167972	0.000903257	0.000687697	0	0.00383214	1252.06	2307.91	5	9422	
22	23	1	6	2	3	57536	57542696	66323	61666085	0.000876188	0.000592543	0	0.00383214	929.784	1947.99	5	9422	
22	23	7	7	1	3	30449	60115808	32689	62708102	0.00110575	0.000720095	0	0.00383214	1918.32	2475.7	5	9422	
23	24	1	1	2	3	20294	39282794	34350	42525668	0.000770639	0.000888188	0	0.00408214	1238.01	2693.69	4	9422	
23	24	6	2	2	3	47962	58322478	52062	59226544	0.000954413	0.000629799	0	0.00383214	1137.62	2211.18	5	9422	
23	24	1	3	5	3	50036	59904687	60255	63738545	0.000855611	0.000642395	0	0.00408214	1057.81	2049.5	5	9422	
23	24	2	4	1	3	44302	62826792	55233	68511664	0.000842617	0.000685228	0	0.00308214	1240.41	2141.88	5	9422	
23	24	1	5	6	3	41627	58314508	49936	61987354	0.000871981	0.0006966	0	0.00383214	1241.34	2273.24	5	9422	
23	24	8	6	2	3	60464	60005754	69481	64164673	0.000877723	0.000590577	0	0.00383214	923.485	1945.9	5	9422	
23	24	7	7	1	3	31683	62737149	34043	65481627	0.00110729	0.000720711	0	0.00383214	1923.5	2474.89	5	9422	
24	25	6	1	1	3	21152	40721761	35298	43961684	0.000781706	0.000889492	0	0.00408214	1245.44	2712.08	4	9422	
24	25	1	2	4	3	51112	62247206	55469	63264547	0.00095194	0.000624739	0	0.00383214	1140.54	2186.53	5	9422	
24	25	8	3	5	3	51215	61772701	62342	65742939	0.000849314	0.000648192	0	0.00408214	1054.55	2055.37	5	9422	
24	25	1	4	1	3	45512	65436602	56557	71276917	0.000850254	0.000688098	0	0.00308214	1260.27	2152.13	5	9422	
24	25	1	5	6	3	42737	59825995	52599	63845121	0.000852477	0.000704268	0	0.00383214	1213.81	2266.35	5	9422	
24	25	8	6	2	3	64029	62881275	73165	67079764	0.000879614	0.000585139	0	0.00383214	916.829	1933.46	5	9422	
24	25	7	7	1	3	32806	65370969	35282	68263405	0.00110914	0.000722112	0	0.00383214	1934.79	2480.07	5	9422	
25	26	6	1	2	3	21986	42949066	36259	46200413	0.000790936	0.000891465	0	0.00408214	1274.18	2728.7	4	9422	
25	26	1	2	4	3	51565	64143498	56012	65176884	0.000955633	0.00063243	0	0.00383214	1163.62	2216.49	5	9422	
25	26	8	3	1	3	52653	63415328	65022	67523672	0.000837745	0.000653442	0	0.00408214	1038.47	2055.45	5	9422	
25	26	2	4	1	3	46647	68050872	57827	74052085	0.000858066	0.000691486	0	0.00308214	1280.58	2166.66	5	9422	
25	26	4	5	1	3	45224	62559802	55968	66875978	0.000845689	0.000700582	0	0.00383214	1194.9	2241.39	5	9422	
25	26	8	6	2	3	67798	66014662	77024	70249341	0.000881123	0.000579221	0	0.00383214	912.045	1923.68	5	9422	
25	26	1	7	1	3	34407	68002824	37003	71031630	0.00110765	0.000720114	0	0.00383214	1919.62	2473.07	5	9422	
26	27	6	1	1	3	23084	44596927	38493	48045660	0.000779082	0.000887415	0	0.00408214	1248.17	2704.33	4	9422	
26	27	1	2	4	3	52293	66074689	56886	67128726	0.00095654	0.00063862	0	0.00383214	1180.06	2239.39	5	9422	
26	27	1	3	5	3	52888	64717024	65181	68821430	0.000842464	0.000660665	0	0.00408214	1055.85	2087.53	5	9422	
26	27	2	4	1	3	48115	70691419	59415	76830344	0.000865065	0.000693067	0	0.00308214	1293.11	2176.2	5	9422	
26	27	1	5	1	3	46702	64704187	57905	69370308	0.00084534	0.000702086	0	0.00383214	1198	2244.14	5	9422	
26	27	8	6	2	3	71406	70589212	80671	74836523	0.000884239	0.000574859	0	0.00383214	927.676	1918.36	5	9422	
26	27	7	7	1	3	35605	70605978	38255	73699699	0.00110686	0.000720854	0	0.00383214	1926.54	2477.55	5	9422	
27	28	1	1	1	3	24392	46343603	40172	49844969	0.000784473	0.000882666	0	0.00408214	1240.79	2694.64	4	9422	
27	28	1	2	4	3	54703	69758598	59832	70934410	0.000949299	0.000638357	0	0.00383214	1185.56	2226.54	5	9422	
27	28	1	3	1	3	53851	66737430	67018	71056215	0.000836407	0.000666449	0	0.00408214	1060.26	2097.07	5	9422	
27	28	2	4	1	3	49817	72995485	61983	79458042	0.000861478	0.000695927	0	0.00308214	1281.93	2171.6	5	9422	
27	28	1	5	6	3	47056	66031491	58245	70687749	0.000852404	0.000711107	0	0.00383214	1213.63	2272.51	5	9422	
27	28	8	6	2	3	74732	73422481	84131	77711685	0.000886125	0.00057153	0	0.00383214	923.699	1910.8	5	9422	
27	28	7	7	1	3	36868	73243946	39633	76478681	0.00110863	0.000721395	0	0.00383214	1929.67	2480.2	5	9422	
28	29	6	1	1	3	26240	48463794	42590	52144940	0.000786464	0.000873456	0	0.00408214	1224.35	2663.17	4	9422	
28	29	1	2	2	3	55586	71183702	60946	72376957	0.000949888	0.000643333	0	0.00383214	1187.56	2245.38	5	9422	
28	29	8	3	1	3	56426	69075534	70027	73482459	0.000837122	0.000663202	0	0.00408214	1049.34	2088.97	5	9422	
28	29	2	4	1	3	50260	74564764	64917	82572473	0.000833862	0.000707545	0	0.00308214	1271.97	2159.26	5	9422	
28	29	4	5	1	3	48914	68351615	60587	73087822	0.000851838	0.000710353	0	0.00383214	1206.33	2270.37	5	9422	
28	29	1	6	3	3	76670	75325340	87486	79930371	0.000875978	0.000577966	0	0.00383214	913.636	1909.23	5	9422	
28	29	7	7	1	3	38627	75866449	41524	79239648	0.00110802	0.00071896	0	0.00383214	1908.29	2473.71	5	9422	
29	30	1	1	2	3	26675	49849735	42979	53525278	0.00079455	0.0008795	0	0.00408214	1245.38	2692.51	4	9422	
29	30	1	2	4	3	56107	73211516	61593	74409330	0.000952554	0.000649452	0	0.00383214	1208.08	2270.17	5	9422	
29	30	8	3	1	3	59851	72946222	73699	77492575	0.00084156	0.000656366	0	0.00408214	1051.47	2070.6	5	9422	
29	30	2	4	1	3	51389	76230998	66932	84887889	0.000828364	0.000711023	0	0.00308214	1268.27	2161.36	5	9422	
29	30	4	5	1	3	51910	70394190	63659	75150536	0.000856269	0.000702109	0	0.00383214	1180.52	2258.26	5	9422	
29	30	1	6	3	3	78233	76995293	90285	81809857	0.000868335	0.000584388	0	0.00383214	906.129	1913.67	5	9422	
29	30	7	7	1	3	40706	78475206	43692	81895970	0.00110322	0.000714194	0	0.00383214	1874.39	2465.23	5	9422	
30	31	1	1	2	3	27230	51700108	43493	55370905	0.000803	0.000884908	0	0.00408214	1273.1	2714.26	4	9422	
30	31	1	2	4	3	56439	74522095	62038	75736958	0.000955545	0.00065655	0	0.00383214	1220.82	2293.38	5	9422	
30	31	8	3	5	3	62222	76039452	77317	81384698	0.000833656	0.000656298	0	0.00408214	1052.61	2055.24	5	9422	
30	31	2	4	1	3	53810	81214551	70325	90672500	0.00082342	0.00070877	0	0.00308214	1289.34	2145.06	5	9422	
30	31	1	5	6	3	53528	72032727	65321	76792489	0.000861555	0.000701854	0	0.00383214	1175.62	2266.21	5	9422	
30	31	8	6	2	3	81599	79582464	93899	84455277	0.000869717	0.000581274	0	0.00383214	899.427	1907.75	5	9422	
30	31	7	7	1	3	42085	81141726	45192	84692259	0.00110339	0.000714263	0	0.00383214	1874.05	2465.29	5	9422	
31	32	1	1	2	3	27422	53022923	44108	56714570	0.000802678	0.000891989	0	0.00408214	1285.81	2735.93	4	9422	
31	32	6	2	2	3	58534	76865745	64557	78199410	0.000951898	0.000656953	0	0.00408214	1211.32	2285.76	5	9422	
31	32	8	3	1	3	65187	78554631	81016	84080007	0.000831693	0.000652762	0	0.00408214	1037.82	2044.35	5	9422	
31	32	1	4	1	3	55910	83841752	72487	93336900	0.00082922	0.000706883	0	0.00308214	1287.64	2145.66	5	9422	
31	32	1	5	6	3	54039	73936537	65998	78708583	0.000864987	0.000707545	0	0.00383214	1192.59	2286.99	5	9422	
31	32	8	6	2	3	84414	82557380	97612	87652676	0.00086548	0.000582056	0	0.00383214	897.97	1900.97	5	9422	
31	32	7	7	1	3	43281	83719405	46451	87340845	0.00110317	0.000715147	0	0.00383214	1880.28	2469.88	5	9422	
32	33	1	1	2	3	27565	54370269	44449	58077299	0.000806172	0.000898851	0	0.00408214	1306.61	2765.2	4	9422	
32	33	1	2	4	3	59839	79997753	65970	81339121	0.000953436	0.000658968	0	0.00408214	1232.97	2296.8	5	9422	
32	33	8	3	1	3	67809	80282511	83802	85825767	0.000834596	0.000649344	0	0.00408214	1024.15	2045.76	5	9422	
32	33	2	4	1	3	57464	86473532	74140	96058811	0.000834513	0.000707247	0	0.00308214	1295.64	2152.56	5	9422	
32	33	1	5	1	3	54433	75292002	66644	80102458	0.000866796	0.000713483	0	0.00383214	1201.95	2307.45	5	9422	
32	33	8	6	2	3	87428	85350591	101324	90593642	0.000862531	0.00058174	0	0.00383214	894.099	1895.9	5	9422	
32	33	1	7	1	3	44498	86378491	47779	90141474	0.00110441	0.000716004	0	0.00383214	1886.63	2472.71	5	9422	
33	34	6	1	1	3	28182	56529788	45246	60268080	0.000811186	0.00090202	0	0.00408214	1332.01	2780.87	4	9422	
33	34	6	2	2	3	61044	81564864	67326	82924531	0.000954777	0.000661426	0	0.00408214	1231.69	2306.87	5	9422	
33	34	1	3	5	3	70503	82153206	86561	87703355	0.0008386	0.000646116	0	0.00408214	1013.2	2044.43	5	9422	
33	34	2	4	1	3	59044	89068731	75780	98716031	0.000839425	0.000707106	0	0.00308214	1302.67	2159.84	5	9422	
33	34	1	5	1	3	54796	76661227	67180	81494630	0.000869033	0.000718801	0	0.00383214	1213.08	2330.04	5	9422	
33	34	1	6	3	3	87750	86797642	101803	92049765	0.000864276	0.00058721	0	0.00383214	904.195	1918.02	5	9422	
33	34	7	7	1	3	45728	89013431	49097	92875987	0.00110446	0.000716649	0	0.00383214	1891.68	2474.86	5	9422	
34	35	1	1	2	3	28459	57983783	45521	61723571	0.00081795	0.000908351	0	0.00408214	1355.94	2809.46	4	9422	
34	35	6	2	2	3	63916	83838141	70354	85226173	0.000955066	0.0006572	0	0.00408214	1211.39	2292.78	5	9422	
34	35	1	3	1	3	72901	84513185	89340	90133197	0.000840342	0.000645711	0	0.00408214	1008.88	2042.01	5	9422	
34	35	2	4	1	3	60662	91701621	77450	101413409	0.000843806	0.00070674	0	0.00308214	1309.4	2166.55	5	9422	
34	35	1	5	6	3	55251	78693462	67738	83528510	0.000872493	0.000724567	0	0.00383214	1233.11	2352.37	5	9422	
34	35	1	6	3	3	88035	88107959	102160	93365124	0.000867029	0.000592389	0	0.00383214	913.911	1939.81	5	9422	
34	35	7	7	1	3	46847	91646744	50377	95729907	0.00110767	0.000718059	0	0.00383214	1900.27	2477.05	5	9422	
35	36	1	1	2	3	28624	59254326	45749	62997185	0.000823727	0.000915046	0	0.00408214	1377.02	2835.21	4	9422	
35	36	1	2	2	3	67247	87171890	73977	88671470	0.000953618	0.000652294	0	0.00408214	1198.64	2267.83	5	9422	
35	36	8	3	1	3	76186	88462047	93024	94359019	0.000841888	0.000642061	0	0.00408214	1014.35	2027.18	5	9422	
35	36	2	4	1	3	63486	94370608	80346	104100629	0.000848401	0.000701651	0	0.00308214	1295.65	2159.96	5	9422	
35	36	4	5	1	3	55973	80974342	68778	85976431	0.000872487	0.00072924	0	0.00383214	1250.06	2365.06	5	9422	
35	36	8	6	2	3	89815	90462599	104063	95749691	0.000868877	0.000593494	0	0.00383214	920.113	1947.47	5	9422	
35	36	7	7	1	3	48041	94267408	51720	98534400	0.0011087	0.000718982	0	0.00383214	1905.15	2476.16	5	9422	
36	37	6	1	1	3	28850	60576742	46068	64331087	0.000829332	0.000921211	0	0.00408214	1396.44	2859.84	4	9422	
36	37	1	2	4	3	67863	89414685	74667	90912176	0.000956131	0.000656531	0	0.00408214	1217.57	2285.42	5	9422	
36	37	8	3	5	3	79096	90770084	96689	96918960	0.000840481	0.000639814	0	0.00408214	1002.38	2016.74	5	9422	
36	37	2	4	1	3	65620	96989008	82591	106790849	0.000854207	0.000701005	0	0.00383214	1293.01	2159.3	5	9422	
36	37	4	5	6	3	58478	84431234	72367	90122608	0.000864221	0.000725912	0	0.00383214	1245.36	2336.49	5	9422	
36	37	1	6	3	3	92652	92495492	107588	97896650	0.000866917	0.000593104	0	0.00383214	909.922	1943.97	5	9422	
36	37	7	7	1	3	49166	96888055	52980	101336635	0.00111077	0.000720427	0	0.00383214	1912.73	2478.18	5	9422	
37	38	1	1	2	3	29577	62072719	47536	65934258	0.000827193	0.000922842	0	0.00408214	1387.04	2856.65	4	9422	
37	38	1	2	4	3	68571	91197521	75553	92734298	0.000957523	0.000661224	0	0.00408214	1227.41	2298.21	5	9422	
37	38	8	3	1	3	80946	92589971	99756	98961664	0.000836027	0.000642986	0	0.00408214	992.037	2014.28	5	9422	
37	38	2	4	1	3	67119	99614851	84195	109521080	0.000858566	0.000701701	0	0.00383214	1300.8	2165.18	5	9422	
37	38	4	5	1	3	61232	87099848	76100	93221604	0.000856848	0.00072109	0	0.00383214	1224.99	2312.22	5	9422	
37	38	1	6	3	3	94280	93974104	109723	99416302	0.000866038	0.000595574	0	0.00383214	906.066	1950.29	5	9422	
37	38	7	7	1	3	50547	99521589	54472	104104520	0.00111092	0.00072034	0	0.00383214	1911.16	2476.75	5	9422	
38	39	1	1	2	3	29804	63387800	47714	67235375	0.000834009	0.000929357	0	0.00408214	1409.13	2883.1	4	9422	
38	39	6	2	2	3	69396	93340429	77042	94987550	0.000952606	0.00066719	0	0.00408214	1232.93	2306.6	5	9422	
38	39	8	3	1	3	82254	95058704	102775	102110089	0.000826782	0.000648088	0	0.00408214	993.53	2011.88	5	9422	
38	39	1	4	1	3	68966	102258801	86114	112218749	0.000862038	0.000700674	0	0.00383214	1303.14	2168.12	5	9422	
38	39	4	5	6	3	62093	89266600	78477	95723280	0.000844469	0.000725977	0	0.00383214	1219.76	2307.96	5	9422	
38	39	1	6	3	3	95382	95752896	111063	101221431	0.000867139	0.000598615	0	0.00383214	911.388	1962.26	5	9422	
38	39	7	7	7	3	51786	102155158	55811	106867455	0.00111145	0.000720769	0	0.00383214	1914.81	2476.16	5	9422	
39	40	1	1	2	3	30312	64880780	48267	68745656	0.000841807	0.000933222	0	0.00408214	1424.28	2898.83	4	9422	
39	40	6	2	2	3	70111	95119849	77904	96808736	0.000954651	0.00067106	0	0.00408214	1242.67	2320.78	5	9422	
39	40	8	3	1	3	83805	96833455	106189	104295002	0.000816477	0.000651925	0	0.00408214	982.164	2007.75	5	9422	
39	40	2	4	1	3	70626	104874003	87870	114925133	0.000866074	0.000700427	0	0.00383214	1307.9	2172.49	5	9422	
39	40	4	5	1	3	64106	91682468	80623	98156495	0.000847952	0.000723752	0	0.00383214	1217.48	2306.12	5	9422	
39	40	1	6	3	3	95524	97076597	111299	102559483	0.000869155	0.000603365	0	0.00383214	921.477	1983.44	5	9422	
39	40	1	7	1	3	53185	104771598	57278	109563892	0.00111058	0.000720482	0	0.00383214	1912.84	2476.06	5	9422	
40	41	1	1	2	3	30572	66223589	49267	70307297	0.000835689	0.00093672	0	0.00408214	1427.07	2904.58	4	9422	
40	41	6	2	2	3	72619	97847981	80508	99566406	0.000955381	0.000667912	0	0.00408214	1236.73	2312.63	5	9422	
40	41	8	3	1	3	86118	98583451	109339	106144033	0.00081461	0.000651647	0	0.00408214	970.779	2006.61	5	9422	
40	41	2	4	1	3	72304	107491672	89586	117566205	0.000868619	0.000699738	0	0.00383214	1312.33	2176.55	5	9422	
40	41	1	5	6	3	65124	93183060	81850	99680574	0.00085076	0.000726051	0	0.00383214	1217.84	2316.33	5	9422	
40	41	8	6	2	3	97489	99579097	113402	105102080	0.000870611	0.000603818	0	0.00383214	926.81	1988.31	5	9422	
40	41	7	7	1	3	55318	107416754	59483	112245080	0.00110695	0.00071672	0	0.00383214	1887.01	2467.46	5	9422	
41	42	1	1	2	3	30715	67564149	49424	71648608	0.000841715	0.000942535	0	0.00408214	1449.67	2931.35	4	9422	
41	42	6	2	2	3	73825	99455414	81745	101177608	0.000958607	0.000670079	0	0.00408214	1237.72	2323.01	5	9422	
41	42	1	3	1	3	89264	101567072	113117	109222642	0.000814179	0.000648629	0	0.00408214	965.572	1999.71	5	9422	
41	42	2	4	1	3	73779	110137646	91123	120284933	0.000871803	0.000699886	0	0.00383214	1320.03	2182.82	5	9422	
41	42	4	5	1	3	65677	94742287	82406	101227598	0.000855283	0.000730172	0	0.00383214	1228.4	2330.92	5	9422	
41	42	1	6	3	3	100032	101659759	116169	107199547	0.000871538	0.000602661	0	0.00383214	922.79	1989.67	5	9422	
41	42	7	7	1	3	56723	110014379	60969	114929606	0.00110627	0.000716394	0	0.00383214	1885.05	2465.69	5	9422	
42	43	6	1	1	3	31182	68960561	50087	73061516	0.000844829	0.000944868	0	0.00408214	1458.69	2945.62	4	9422	
42	43	1	2	2	3	77282	102106834	85353	103862687	0.000958093	0.000664109	0	0.00408214	1216.86	2303.66	5	9422	
42	43	8	3	1	3	92687	104998844	116868	112763911	0.000816051	0.000644476	0	0.00408214	964.883	1989.9	5	9422	
42	43	1	4	1	3	75831	112364378	93244	122531347	0.000874869	0.000698236	0	0.00383214	1314.09	2183.9	5	9422	
42	43	4	5	1	3	66458	96475524	83283	102969026	0.000858145	0.000732929	0	0.00383214	1236.38	2342.89	5	9422	
42	43	8	6	2	3	102564	103618163	119538	109285316	0.000868387	0.000603291	0	0.00383214	914.231	1985.87	5	9422	
42	43	7	7	1	3	58224	112632425	62509	117590725	0.00110409	0.000715749	0	0.00383214	1881.18	2466.52	5	9422	
43	44	1	1	2	3	33019	70789288	52091	74941104	0.000850694	0.000935191	0	0.00408214	1438.66	2925.31	4	9422	
43	44	6	2	2	3	80018	104472114	88617	106337748	0.000953835	0.000662112	0	0.00408214	1199.97	2291.56	5	9422	
43	44	1	3	5	3	94885	106828346	119604	114679798	0.00081655	0.000643991	0	0.00408214	958.829	1991.27	5	9422	
43	44	2	4	1	3	77729	115400125	95641	125746847	0.000873295	0.000697848	0	0.00383214	1314.78	2182.71	5	9422	
43	44	4	5	1	3	68970	98655709	86907	105463425	0.000851284	0.00072991	0	0.00383214	1213.52	2322.83	5	9422	
43	44	1	6	2	3	105544	106170769	122751	111871329	0.000869345	0.000601256	0	0.00383214	911.368	1983.79	5	9422	
43	44	7	7	1	3	59361	115283608	63774	120409853	0.00110549	0.000716427	0	0.00383214	1888.07	2469.09	5	9422	
44	45	1	1	2	3	33391	72108208	52680	76288088	0.000853691	0.000938725	0	0.00408214	1448.14	2937.93	4	9422	
44	45	1	2	4	3	81016	106023472	89695	107896150	0.00095642	0.000664683	0	0.00408214	1202.92	2302.28	5	9422	
44	45	8	3	1	3	96839	108639452	123133	116838259	0.000810851	0.000646086	0	0.00408214	948.879	1985.29	5	9422	
44	45	1	4	1	3	79506	117801400	97478	128159119	0.000876372	0.00069737	0	0.00383214	1314.75	2185.97	5	9422	
44	45	1	5	6	3	70524	100914316	88541	107739988	0.000855151	0.000729651	0	0.00383214	1216.84	2328.6	5	9422	
44	45	8	6	2	3	107705	108084891	125048	113787818	0.000870841	0.000600934	0	0.00383214	909.953	1986.4	5	9422	
44	45	7	7	1	3	60508	117899197	65014	123140739	0.00110625	0.000717054	0	0.00383214	1894.06	2472.2	5	9422	
45	46	1	1	2	3	33653	73520212	53585	77894846	0.000848018	0.00094245	0	0.00408214	1453.67	2945.11	4	9422	
45	46	1	2	4	3	82731	107552588	91877	109501486	0.000954684	0.000666054	0	0.00408214	1191.83	2298.35	5	9422	
45	46	8	3	1	3	100135	111598845	126907	119916685	0.000811914	0.000643088	0	0.00408214	944.918	1977.89	5	9422	
45	46	1	4	1	3	80744	120656889	98833	131159669	0.000879934	0.00069843	0	0.00383214	1327.08	2191.21	5	9422	
45	46	4	5	1	3	70908	102227993	89150	109082844	0.000856848	0.000733763	0	0.00383214	1223.59	2342.8	5	9422	
45	46	1	6	3	3	109952	109722807	127651	115455893	0.000871342	0.000600918	0	0.00383214	904.465	1989.05	4	9422	
45	46	7	7	1	3	61634	120536939	66246	125916188	0.00110693	0.000717731	0	0.00383214	1900.74	2475.18	5	9422	
46	47	1	1	2	3	34247	75360081	54288	79748499	0.000851256	0.000944184	0	0.00408214	1468.99	2952.96	4	9422	
46	47	6	2	2	3	85166	109595088	94351	111550272	0.000955662	0.00066332	0	0.00408214	1182.29	2294.51	5	9422	
46	47	8	3	1	3	102302	115643602	129197	123982227	0.000814584	0.000642637	0	0.00408214	959.637	1983.09	5	9422	
46	47	2	4	1	3	81932	123292841	100041	133794124	0.000883239	0.000699849	0	0.00383214	1337.39	2199.7	5	9422	
46	47	1	5	6	3	71332	103594700	90399	110597581	0.000852933	0.000738636	0	0.00383214	1223.44	2351.58	5	9422	
46	47	1	6	3	3	110869	111182312	128658	116929950	0.000873706	0.000603775	0	0.00383214	908.843	2001.22	4	9422	
46	47	1	7	1	3	63271	123146825	67956	128607748	0.00110552	0.000716314	0	0.00383214	1892.51	2473.44	5	9422	
47	48	1	1	2	3	34389	76690387	54555	81095597	0.000854954	0.000949135	0	0.00408214	1486.49	2974.12	4	9422	
47	48	1	2	4	3	87260	111586334	96534	113557910	0.000956842	0.000662388	0	0.00408214	1176.35	2294	5	9422	
47	48	8	3	1	3	103607	117175778	130588	125519890	0.000817538	0.000644164	0	0.00408214	961.19	1993.12	5	9422	
47	48	2	4	1	3	83934	125917740	102120	136483389	0.000886749	0.000698883	0	0.00383214	1336.5	2199.55	5	9422	
47	48	1	5	6	3	72039	104974715	91138	111980653	0.000857025	0.00074206	0	0.00383214	1228.69	2364.38	5	9422	
47	48	1	6	3	3	112936	112966687	130772	118719897	0.000876246	0.000604211	0	0.00383214	907.839	2005.73	4	9422	
47	48	7	7	1	3	64488	125795869	69293	131406598	0.00110672	0.00071675	0	0.00383214	1896.39	2474.49	5	9422	
48	49	1	1	2	3	34532	78006769	54712	82413449	0.000860341	0.000954178	0	0.00408214	1506.31	2996.21	4	9422	
48	49	1	2	4	3	87505	112935359	96677	114896225	0.000959864	0.00066654	0	0.00408214	1188.45	2313.8	5	9422	
48	49	1	3	1	3	106303	118886788	133475	127248690	0.000819992	0.000642279	0	0.00408214	953.352	1992.72	4	9422	
48	49	2	4	1	3	85045	128533442	103394	139322226	0.000890837	0.000700688	0	0.00383214	1347.49	2206.67	5	9422	
48	49	4	5	1	3	74006	107618844	93141	114622514	0.000860306	0.000739723	0	0.00383214	1230.63	2364.32	5	9422	
48	49	8	6	2	3	115911	115481379	133860	121256047	0.000877258	0.000602194	0	0.00383214	905.842	2003.07	4	9422	
48	49	7	7	1	3	65625	128427857	70525	134166025	0.00110725	0.00071738	0	0.00383214	1902.39	2476.29	5	9422	
49	50	1	1	2	3	34675	79354115	54895	83764983	0.000865288	0.000959094	0	0.00408214	1525.91	3018.54	4	9422	
49	50	1	2	4	3	87730	114258178	96876	116217134	0.000963314	0.000671613	0	0.00408214	1199.65	2332.09	5	9422	
49	50	8	3	1	3	108944	120829441	136694	129321584	0.000819954	0.000640972	0	0.00408214	946.066	1989.81	4	9422	
49	50	2	4	1	3	86992	131171102	105406	142007466	0.000893445	0.000699718	0	0.00383214	1347.24	2208.16	5	9422	
49	50	1	5	6	3	74556	109696263	93654	116698328	0.000863194	0.000742653	0	0.00383214	1246.06	2378.53	5	9422	
49	50	8	6	2	3	119362	117981714	137431	123767919	0.000877868	0.000599171	0	0.00383214	900.582	1996.92	4	9422	
49	50	7	7	1	3	66946	131034878	71985	136938874	0.00110771	0.000717666	0	0.00383214	1902.33	2474.07	5	9422	
50	51	1	1	2	3	34876	80664595	55832	85219450	0.000859491	0.000962353	0	0.00408214	1526.35	3021.99	4	9422	
50	51	1	2	4	3	87951	115597690	97092	117546908	0.000966823	0.00067662	0	0.00408214	1210.68	2350.35	5	9422	
50	51	8	3	1	3	111833	123580906	140171	132277561	0.000820597	0.000640088	0	0.00408214	943.687	1984.6	4	9422	
50	51	2	4	1	3	89123	133771076	107641	144643394	0.000896182	0.000698565	0	0.00383214	1343.76	2207	5	9422	
50	51	1	5	6	3	74800	111007179	93797	118007956	0.000866451	0.000746755	0	0.00383214	1258.12	2396.93	5	9422	
50	51	1	6	2	3	119963	119778251	137995	125571170	0.00087984	0.000602119	0	0.00408214	909.969	2011.72	4	9422	
50	51	7	7	1	3	68133	133673941	73310	139746545	0.00110869	0.000718639	0	0.00383214	1906.24	2473.63	5	9422	
51	52	1	1	2	3	36143	82247382	57339	86822983	0.000863405	0.00095839	0	0.00408214	1514.2	3013.29	4	9422	
51	52	6	2	2	3	89269	117953398	98973	120009340	0.000963525	0.000679467	0	0.00408214	1212.55	2351.21	5	9422	
51	52	8	3	1	3	115588	126908036	144033	135647929	0.000823502	0.000636367	0	0.00408214	941.784	1975.76	4	9422	
51	52	2	4	1	3	91086	136145496	110358	147336960	0.000893467	0.000699078	0	0.00383214	1335.08	2202.91	5	9422	
51	52	1	5	6	3	75045	112345107	93940	119335174	0.000869699	0.000750809	0	0.00383214	1270.33	2415.6	5	9422	
51	52	1	6	3	3	120755	121352344	139233	127179904	0.000878927	0.000605488	0	0.00408214	913.432	2021.53	4	9422	
51	52	7	7	1	3	69241	136288136	74520	142503121	0.0011094	0.000719428	0	0.00383214	1912.28	2476.35	5	9422	
52	53	6	1	2	3	36883	83626252	58426	88212287	0.000863365	0.000957634	0	0.00408214	1509.81	3014.57	4	9422	
52	53	6	2	2	3	92077	121642188	102711	124429376	0.000954939	0.000678342	0	0.00408214	1211.45	2330.68	5	9422	
52	53	8	3	1	3	118988	130010362	147620	138795007	0.000826666	0.000633908	0	0.00408214	940.218	1969.59	4	9422	
52	53	1	4	1	3	92429	138695266	112402	150236313	0.000890787	0.000700964	0	0.00383214	1336.6	2205.1	5	9422	
52	53	4	5	6	3	75431	114105131	94547	121129026	0.000870625	0.000754562	0	0.00383214	1281.15	2427.35	5	9422	
52	53	8	6	2	3	121873	123578339	140543	129553960	0.000879119	0.000607768	0	0.00408214	921.81	2031.18	4	9422	
52	53	1	7	1	3	70445	138898684	75777	145179744	0.00110896	0.000719822	0	0.00383214	1915.88	2479.19	5	9422	
53	54	1	1	2	3	37971	85067488	59551	89655755	0.000868765	0.000955024	0	0.00408214	1505.53	3016.48	4	9422	
53	54	1	2	4	3	95037	125037492	105721	127834118	0.000954314	0.000673927	0	0.00408214	1209.16	2319.67	5	9422	
53	54	1	3	5	3	119439	131360080	148206	140155345	0.000828614	0.000637233	0	0.00408214	945.679	1983.07	4	9422	
53	54	2	4	1	3	93920	141105155	114662	153016342	0.000887447	0.000702184	0	0.00383214	1334.5	2203.21	5	9422	
53	54	1	5	6	3	75574	115404993	94880	122537272	0.000872091	0.000758759	0	0.00383214	1291.5	2442.53	5	9422	
53	54	1	6	3	3	122898	125920945	141683	131910233	0.000880606	0.000609788	0	0.00408214	931.024	2042.24	4	9422	
53	54	1	7	1	3	71583	141557397	77038	148010330	0.0011098	0.000720601	0	0.00383214	1921.26	2481.09	5	9422	
54	55	1	1	2	3	38937	86918195	60525	91518698	0.000873895	0.000953599	0	0.00408214	1512.08	3018.42	4	9422	
54	55	6	2	4	3	96035	127475873	106976	130376806	0.000954114	0.000676588	0	0.00408214	1218.75	2324.95	5	9422	
54	55	1	3	5	3	120393	133436123	149405	142262439	0.000829784	0.000639454	0	0.00408214	952.193	1993.3	4	9422	
54	55	2	4	1	3	96242	144304365	118034	156483047	0.000881923	0.000701534	0	0.00383214	1325.75	2194.59	5	9422	
54	55	1	5	6	3	75800	116759988	95095	123891932	0.000876197	0.000764181	0	0.00383214	1302.82	2460.24	5	9422	
54	55	8	6	2	3	124526	127591282	143558	133613131	0.000881079	0.000610836	0	0.00408214	930.726	2046.64	4	9422	
54	55	7	7	1	3	72759	144188917	78251	150687793	0.00110901	0.000720937	0	0.00383214	1925.7	2481.13	5	9422	
55	56	1	1	2	3	39606	88746605	61311	93449950	0.000876453	0.00095417	0	0.00408214	1524.2	3021.2	4	9422	
55	56	1	2	4	3	99165	130913256	110293	133873558	0.000952311	0.000672293	0	0.00408214	1213.8	2311.13	5	9422	
55	56	1	3	1	3	122238	136034154	152050	145151137	0.000828098	0.000640269	0	0.00408214	954.628	1994.37	4	9422	
55	56	2	4	1	3	98340	146100033	120244	158299548	0.000883655	0.000699964	0	0.00383214	1316.49	2196.09	5	9422	
55	56	4	5	1	3	77809	120273619	97152	127405198	0.000879358	0.0007619	0	0.00383214	1311.4	2456.31	5	9422	
55	56	8	6	2	3	126763	129576466	146630	135680850	0.000878431	0.000612021	0	0.00408214	925.328	2043.49	4	9422	
55	56	1	7	7	3	73903	146801967	79437	153361502	0.00110852	0.000721375	0	0.00383214	1930.61	2482.37	5	9422	
56	57	1	1	2	3	39749	90024006	61494	94731261	0.000880821	0.000958487	0	0.00408214	1540.5	3038.59	4	9422	
56	57	1	2	2	3	100173	133473462	111377	136447141	0.000953814	0.000674369	0	0.00408214	1225.09	2320.04	5	9422	
56	57	8	3	1	3	123087	137751373	153136	146902447	0.000829154	0.000642337	0	0.00408214	959.294	2003.38	4	9422	
56	57	2	4	1	3	101026	149123425	123972	161741450	0.00087842	0.000698196	0	0.00383214	1304.66	2183.35	5	9422	
56	57	4	5	1	3	80081	124671798	100793	132987749	0.000870504	0.000759634	0	0.00383214	1319.41	2432.7	5	9422	
56	57	8	6	2	3	129273	134485293	150264	141090047	0.000874401	0.000613607	0	0.00408214	938.948	2037.95	4	9422	
56	57	7	7	1	3	75060	149435328	80624	156042391	0.00110791	0.000721878	0	0.00383214	1935.43	2483.95	5	9422	
57	58	1	1	2	3	40148	91445247	62639	96628972	0.000875294	0.000959958	0	0.00408214	1542.63	3036.95	4	9422	
57	58	6	2	2	3	103477	136749887	115048	139812243	0.000951888	0.000670675	0	0.00408214	1215.25	2304.4	5	9422	
57	58	8	3	1	3	126704	140571203	156915	149762553	0.000830478	0.000638643	0	0.00408214	954.418	1997.53	4	9422	
57	58	2	4	1	3	104294	152040985	127868	164811449	0.000875701	0.000694062	0	0.00383214	1288.92	2172.54	5	9422	
57	58	1	5	6	3	81742	127397837	103800	136352377	0.000862311	0.00075943	0	0.00383214	1313.61	2419.6	5	9422	
57	58	1	6	2	3	131081	136334242	153261	143113848	0.000869714	0.000615967	0	0.00408214	933.792	2035.58	4	9422	
57	58	7	7	1	3	76259	152034954	81884	158719165	0.00110768	0.000722236	0	0.00383214	1938.34	2485.65	5	9422	
58	59	1	1	1	3	42555	93788472	66048	99286310	0.000867729	0.000946863	0	0.00408214	1503.24	2989.02	4	9422	
58	59	1	2	4	3	105527	139085945	117258	142173227	0.000951296	0.000669494	0	0.00408214	1212.48	2303.15	5	9422	
58	59	8	3	1	3	129121	143208821	160580	152819024	0.000826691	0.00063901	0	0.00408214	951.669	1992.1	4	9422	
58	59	2	4	1	3	104829	153472445	128959	166330476	0.000874386	0.000697246	0	0.00383214	1289.79	2181.57	5	9422	
58	59	1	5	6	3	83316	129851063	106840	139185127	0.000853501	0.000759633	0	0.00383214	1302.74	2407	5	9422	
58	59	8	6	3	3	133250	138370990	155633	145182853	0.000870833	0.000615559	0	0.00408214	932.854	2036.1	4	9422	
58	59	7	7	1	3	77424	154681430	83100	161433939	0.00110731	0.00072262	0	0.00383214	1942.65	2486.64	5	9422	
59	60	6	1	1	3	43087	95078437	66572	100577453	0.00087324	0.00094939	0	0.00408214	1510.81	2998.16	4	9422	
59	60	6	2	2	3	106313	140432073	118113	143544078	0.000953026	0.000671661	0	0.00408214	1215.31	2312.33	5	9422	
59	60	8	3	1	3	132639	146146596	164274	155804402	0.000828972	0.000636146	0	0.00408214	948.442	1985.35	4	9422	
59	60	2	4	1	3	106358	155043072	130908	167993423	0.000873928	0.00069752	0	0.00383214	1283.29	2182.95	5	9422	
59	60	4	5	1	3	85166	132675236	108806	142026971	0.000855649	0.000757521	0	0.00383214	1305.32	2403.95	5	9422	
59	60	8	6	2	3	133754	139997413	156655	146948764	0.000869864	0.00061876	0	0.00408214	938.041	2044.21	4	9422	
59	60	7	7	1	3	78469	157090888	84262	163996152	0.00110808	0.00072316	0	0.00383214	1946.26	2487.57	5	9422	
